{
 "cells": [
  {
   "cell_type": "code",
   "execution_count": 1,
   "metadata": {},
   "outputs": [],
   "source": [
    "import numpy as np\n",
    "import pandas as pd\n",
    "from scipy.spatial import distance\n",
    "from scipy.spatial import distance_matrix\n",
    "\n",
    "from time import time"
   ]
  },
  {
   "cell_type": "code",
   "execution_count": 2,
   "metadata": {},
   "outputs": [],
   "source": [
    "def matprint(mat, fmt=\"g\"):\n",
    "\n",
    "    col_maxes = [max([len((\"{:\"+fmt+\"}\").format(x)) for x in col]) for col in mat.T]\n",
    "\n",
    "    for x in mat:\n",
    "\n",
    "        for i, y in enumerate(x):\n",
    "\n",
    "            print((\"{:\"+str(col_maxes[i])+fmt+\"}\").format(y), end=\"  \")\n",
    "\n",
    "        print(\"\")"
   ]
  },
  {
   "cell_type": "code",
   "execution_count": 3,
   "metadata": {},
   "outputs": [],
   "source": [
    "import random\n",
    "\n",
    "# Generate random points\n",
    "# INPUT STUFF HERE:\n",
    "numPoints = 100\n",
    "dims = (100,100)\n",
    "scale = 20\n",
    "###\n",
    "\n",
    "features = []\n",
    "\n",
    "for i in range(numPoints):\n",
    "    features.append( (random.randint(-dims[0],dims[0]*2), random.randint(-dims[1], dims[1]*2)) )\n",
    "    \n",
    "# for i in range(dims[1]):\n",
    "#     features.append( (5,i) )\n",
    "    \n"
   ]
  },
  {
   "cell_type": "code",
   "execution_count": 4,
   "metadata": {},
   "outputs": [
    {
     "name": "stdout",
     "output_type": "stream",
     "text": [
      "Time passed: 14.3404221534729\n",
      "144.222  161.245  178.885  196.977  215.407  196.977  178.885  161.245  144.222  128.062  113.137      100  89.4427  82.4621       80  82.4621  89.4427      100  113.137  128.062  144.222  161.245  178.885  181.108  161.245  141.421  121.655   101.98  82.4621  63.2456  44.7214  28.2843       20  28.2843  44.7214  63.2456  82.4621   101.98  121.655  141.421  161.245  181.108  200.998  220.907  240.832  260.768  280.713  300.666  320.624  340.588  340.588  325.576  311.127  297.321  284.253  272.029  260.768  250.599  241.661  234.094  228.035  223.607  220.907      220  220.907  223.607  228.035  234.094  241.661  250.599  260.768  272.029  284.253  297.321      280      260      240      220      200      180      160      140      120      100       80       60       40       20        0       20       40       60       80      100      120      140      160      180      200      220  \n",
      "156.205  172.047   188.68  205.913  223.607  205.913   188.68  172.047  156.205  141.421  128.062  116.619  107.703   101.98      100   101.98  107.703  116.619  128.062  141.421  156.205  172.047  184.391  169.706  156.205      140      120      100       80       60       40       20        0       20       40       60       80      100      120      140      160      180      200      220      240      260      280      300      320      340  328.024   312.41  297.321  282.843  269.072  256.125  244.131  233.238  223.607  215.407  208.806  203.961  200.998      200  200.998  203.961  208.806  215.407  223.607  233.238  244.131  256.125  269.072  282.843  280.713  260.768  240.832  220.907  200.998  181.108  161.245  141.421  121.655   101.98  82.4621  63.2456  44.7214  28.2843       20  28.2843  44.7214  63.2456  82.4621   101.98  121.655  141.421  161.245  181.108  200.998  220.907  \n",
      "169.706  184.391      200  216.333  233.238  216.333      200  184.391  169.706  156.205  144.222  134.164  126.491  121.655      120  121.655  126.491  134.164  144.222  156.205  169.706  184.391  172.047  156.205  141.421  128.062  116.619   101.98  82.4621  63.2456  44.7214  28.2843       20  28.2843  44.7214  63.2456  82.4621   101.98  121.655  141.421  161.245  181.108  200.998  220.907  240.832  260.768  280.713  297.321   312.41  328.024  316.228      300  284.253  269.072  254.558  240.832  228.035  216.333  205.913  196.977  189.737  184.391  181.108      180  181.108  184.391  189.737  196.977  205.913  216.333  228.035  240.832  254.558  269.072  282.843  263.059  243.311  223.607  203.961  184.391  164.924  145.602  126.491  107.703  89.4427   72.111  56.5685  44.7214       40  44.7214  56.5685   72.111  89.4427  107.703  126.491  145.602  164.924  184.391  203.961  223.607  \n",
      " 170.88  189.737  208.806  228.035  244.131  228.035  212.603   197.99  184.391  172.047  161.245  152.315  145.602  141.421      140  141.421  145.602  152.315  161.245  172.047  184.391  178.885  161.245  144.222  128.062  113.137      100  89.4427  82.4621   72.111  56.5685  44.7214       40  44.7214  56.5685   72.111  89.4427  107.703  126.491  145.602  164.924  184.391  203.961  223.607  240.832  254.558  269.072  284.253      300  316.228  305.287  288.444  272.029  256.125  240.832  226.274  212.603      200   188.68  178.885   170.88  164.924  161.245      160  161.245  164.924   170.88  178.885   188.68      200  212.603  226.274  240.832  256.125  272.029  266.833  247.386  228.035  208.806  189.737   170.88  152.315  134.164  116.619      100  84.8528   72.111  63.2456       60  63.2456   72.111  84.8528      100  116.619  134.164  152.315   170.88  189.737  208.806  223.607  \n",
      "164.924  184.391  203.961  223.607  243.311  240.832  226.274  212.603      200   188.68  178.885   170.88  164.924  161.245      160  161.245  164.924   170.88  178.885   188.68  189.737   170.88  152.315  134.164  116.619      100  84.8528   72.111  63.2456       60  63.2456  63.2456       60  63.2456   72.111  84.8528      100  116.619  134.164  152.315   170.88   188.68      200  212.603  226.274  240.832  256.125  272.029  288.444  305.287  295.296  277.849  260.768  244.131  228.035  212.603   197.99  184.391  172.047  161.245  152.315  145.602  141.421      140  141.421  145.602  152.315  161.245  172.047  184.391   197.99  212.603  228.035  244.131  260.768  272.029  252.982  234.094  215.407  196.977  178.885  161.245  144.222  128.062  113.137      100  89.4427  82.4621       80  82.4621  89.4427      100  113.137  128.062  144.222  161.245  178.885  189.737  196.977  205.913  \n",
      "161.245  181.108  200.998  220.907  240.832  254.558  240.832  228.035  216.333  205.913  196.977  189.737  184.391  181.108      180  181.108  184.391  189.737  196.977  203.961  184.391  164.924  145.602  126.491  107.703  89.4427   72.111  56.5685  44.7214       40  44.7214  56.5685   72.111  82.4621  89.4427      100  113.137  128.062  144.222  152.315  161.245  172.047  184.391   197.99  212.603  228.035  244.131  260.768  277.849  295.296  286.356  268.328  250.599  233.238  216.333      200  184.391  169.706  156.205  144.222  134.164  126.491  121.655      120  121.655  126.491  134.164  144.222  156.205  169.706  184.391      200  216.333  233.238  250.599  268.328      260  241.661  223.607  205.913   188.68  172.047  156.205  141.421  128.062  116.619  107.703   101.98      100   101.98  107.703  116.619  128.062  141.421  156.205  161.245  164.924   170.88  178.885   188.68  \n",
      "    160      180      200      220      240      260  256.125  244.131  233.238  223.607  215.407  208.806  203.961  200.998      200  200.998  203.961  208.806  215.407  200.998  181.108  161.245  141.421  121.655   101.98  82.4621  63.2456  44.7214  28.2843       20  28.2843  44.7214  63.2456  82.4621   101.98  116.619      120  121.655  126.491  134.164  144.222  156.205  169.706  184.391      200  216.333  233.238  250.599  268.328  286.356  278.568      260  241.661  223.607  205.913   188.68  172.047  156.205  141.421  128.062  116.619  107.703   101.98      100   101.98  107.703  116.619  128.062  141.421  156.205  172.047   188.68  205.913  223.607  241.661      260  268.328  250.599  233.238  216.333      200  184.391  169.706  156.205  144.222  134.164  126.491  121.655      120  121.655  126.491  134.164  144.222  141.421      140  141.421  145.602  152.315  161.245  172.047  \n",
      "161.245  181.108  200.998  220.907  240.832  260.768  272.029  260.768  250.599  241.661  234.094  228.035  223.607  220.907      220  220.907  223.607  228.035      220      200      180      160      140      120      100       80       60       40       20        0       20       40       60       80      100   101.98      100   101.98  107.703  116.619  128.062  141.421  156.205  172.047   188.68  205.913  223.607  241.661      260  278.568  272.029  252.982  234.094  215.407  196.977  178.885  161.245  144.222  128.062  113.137      100  89.4427  82.4621       80  82.4621  89.4427      100  113.137  128.062  144.222  161.245  178.885  196.977  215.407  234.094  252.982  272.029  260.768  244.131  228.035  212.603   197.99  184.391  172.047  161.245  152.315  145.602  141.421      140  141.421  144.222  134.164  126.491  121.655      120  121.655  126.491  134.164  144.222  156.205  \n",
      "164.924  184.391  203.961  223.607  243.311  263.059  282.843  277.849  268.328      260  252.982  247.386  243.311  240.832      240  240.832  243.311  240.832  220.907  200.998  181.108  161.245  141.421  121.655   101.98  82.4621  63.2456  44.7214  28.2843       20  28.2843  44.7214  63.2456  82.4621  89.4427  82.4621       80  82.4621  89.4427      100  113.137  128.062  144.222  161.245  178.885  196.977  215.407  234.094  252.982  272.029  266.833  247.386  228.035  208.806  189.737   170.88  152.315  134.164  116.619      100  84.8528   72.111  63.2456       60  63.2456   72.111  84.8528      100  116.619  134.164  152.315   170.88  189.737  208.806  228.035  247.386  266.833  272.029  256.125  240.832  226.274  212.603      200   188.68  178.885   170.88  164.924  161.245  156.205  141.421  128.062  116.619  107.703   101.98      100   101.98  107.703  116.619  128.062  141.421  \n",
      " 170.88  189.737  208.806  228.035  247.386  266.833  286.356  295.296  286.356  278.568  272.029  266.833  263.059  260.768      260  260.768  263.059  243.311  223.607  203.961  184.391  164.924  145.602  126.491  107.703  89.4427   72.111  56.5685  44.7214       40  44.7214  56.5685   72.111  84.8528   72.111  63.2456       60  63.2456   72.111  84.8528      100  116.619  134.164  152.315   170.88  189.737  208.806  228.035  247.386  266.833  263.059  243.311  223.607  203.961  184.391  164.924  145.602  126.491  107.703  89.4427   72.111  56.5685  44.7214       40  44.7214  56.5685   72.111  89.4427  107.703  126.491  145.602  164.924  184.391  203.961  223.607  243.311  263.059  282.843  269.072  254.558  240.832  228.035  216.333  205.913  196.977  189.737  178.885  161.245  144.222  128.062  113.137      100  89.4427  82.4621       80  82.4621  89.4427      100  113.137  128.062  \n",
      "178.885  196.977  215.407  234.094  252.982  272.029  291.204  310.483  304.631  297.321  291.204  286.356  282.843  280.713      280  280.713  266.833  247.386  228.035  208.806  189.737   170.88  152.315  134.164  116.619      100  84.8528   72.111  63.2456       60  63.2456   72.111  84.8528   72.111  56.5685  44.7214       40  44.7214  56.5685   72.111  89.4427  107.703  126.491  145.602  164.924  184.391  203.961  223.607  243.311  263.059  260.768  240.832  220.907  200.998  181.108  161.245  141.421  121.655   101.98  82.4621  63.2456  44.7214  28.2843       20  28.2843  44.7214  63.2456  82.4621   101.98  121.655  141.421  161.245  181.108  200.998  220.907  240.832  260.768  280.713  282.843  269.072  256.125  244.131  233.238  223.607  208.806  189.737   170.88  152.315  134.164  116.619      100  84.8528   72.111  63.2456       60  63.2456   72.111  84.8528      100  116.619  \n",
      " 188.68  205.913  223.607  241.661      260  278.568  297.321  316.228   323.11  316.228  310.483  305.941  302.655  300.666      300  291.204  272.029  252.982  234.094  215.407  196.977  178.885  161.245  144.222  128.062  113.137      100  89.4427  82.4621       80  82.4621  89.4427  82.4621  63.2456  44.7214  28.2843       20  28.2843  44.7214  63.2456  82.4621   101.98  121.655  141.421  161.245  181.108  200.998  220.907  240.832  260.768      260      240      220      200      180      160      140      120      100       80       60       40       20        0       20       40       60       80      100      120      140      160      180      200      220      240      260      280  297.321  284.253  272.029  260.768  243.311  223.607  203.961  184.391  164.924  145.602  126.491  107.703  89.4427   72.111  56.5685  44.7214       40  44.7214  56.5685   72.111  89.4427  107.703  \n",
      "    200  216.333  233.238  250.599  268.328  286.356  304.631   323.11   341.76  335.261  329.848  325.576   322.49  320.624  316.228  297.321  278.568      260  241.661  223.607  205.913   188.68  172.047  156.205  141.421  128.062  116.619  107.703   101.98      100   101.98      100       80       60       40       20        0       20       40       60       80      100      120      140      160      180      200      220      240      260  260.768  240.832  220.907  200.998  181.108  161.245  141.421  121.655   101.98  82.4621  63.2456  44.7214  28.2843       20  28.2843  44.7214  63.2456  82.4621   101.98  121.655  141.421  161.245  181.108  200.998  220.907  240.832  260.768  280.713  300.666      300  280.713  260.768  240.832  220.907  200.998  181.108  161.245  141.421  121.655   101.98  82.4621  63.2456  44.7214  28.2843       20  28.2843  44.7214  63.2456  82.4621   101.98  \n",
      "212.603  228.035  244.131  260.768  277.849  295.296   313.05  331.059  349.285  354.401  349.285  345.254  342.345  340.588   323.11  304.631  286.356  268.328  250.599  233.238  216.333      200  184.391  169.706  156.205  144.222  134.164  126.491  121.655      120  121.655   101.98  82.4621  63.2456  44.7214  28.2843       20  28.2843  44.7214  63.2456  82.4621   101.98  121.655  141.421  161.245  181.108  200.998  220.907  240.832  260.768  263.059  243.311  223.607  203.961  184.391  164.924  145.602  126.491  107.703  89.4427   72.111  56.5685  44.7214       40  44.7214  56.5685   72.111  89.4427  107.703  126.491  145.602  164.924  184.391  203.961  223.607  243.311  263.059  282.843  302.655      300      280      260      240      220      200      180      160      140      120      100       80       60       40       20        0       20       40       60       80      100  \n",
      "226.274  240.832  256.125  272.029  288.444  305.287   322.49      340  357.771  373.631  368.782  364.966  362.215  349.285  331.059   313.05  295.296  277.849  260.768  244.131  228.035  212.603   197.99  184.391  172.047  161.245  152.315  145.602  141.421      140  126.491  107.703  89.4427   72.111  56.5685  44.7214       40  44.7214  56.5685   72.111  89.4427  107.703  126.491  145.602  164.924  184.391  203.961  223.607  243.311  263.059  266.833  247.386  228.035  208.806  189.737   170.88  152.315  134.164  116.619      100  84.8528   72.111  63.2456       60  63.2456   72.111  84.8528      100  116.619  134.164  152.315   170.88  189.737  208.806  228.035  247.386  266.833  286.356  305.941  300.666  280.713  260.768  240.832  220.907  200.998  181.108  161.245  141.421  121.655   101.98  82.4621  63.2456  44.7214  28.2843       20  28.2843  44.7214  63.2456  82.4621   101.98  \n",
      "240.832  254.558  269.072  284.253      300  316.228  332.866  349.857  367.151  384.708   388.33  384.708  375.766  357.771      340   322.49  305.287  288.444  272.029  256.125  240.832  226.274  212.603      200   188.68  178.885   170.88  164.924  161.245  152.315  134.164  116.619      100  84.8528   72.111  63.2456       60  63.2456   72.111  84.8528      100  116.619  134.164  152.315   170.88  189.737  208.806  228.035  247.386  266.833  272.029  252.982  234.094  215.407  196.977  178.885  161.245  144.222  128.062  113.137      100  89.4427  82.4621       80  82.4621  89.4427      100  113.137  128.062  144.222  161.245  178.885  196.977  215.407  234.094  252.982  272.029  291.204  310.483  302.655  282.843  263.059  243.311  223.607  203.961  184.391  164.924  145.602  126.491  107.703  89.4427   72.111  56.5685  44.7214       40  44.7214  56.5685   72.111  89.4427  107.703  \n",
      "256.125  269.072  282.843  297.321   312.41  328.024  344.093  360.555  377.359  386.264  393.954  402.492  384.708  367.151  349.857  332.866  316.228      300  284.253  269.072  254.558  240.832  228.035  216.333  205.913  196.977  189.737  184.391  178.885  161.245  144.222  128.062  113.137      100  89.4427  82.4621       80  82.4621  89.4427      100  113.137  128.062  144.222  161.245  178.885  196.977  215.407  234.094  252.982  272.029  278.568      260  241.661  223.607  205.913   188.68  172.047  156.205  141.421  128.062  116.619  107.703   101.98      100   101.98  107.703  116.619  128.062  141.421  156.205  172.047   188.68  205.913  223.607  241.661      260  278.568  297.321  316.228  305.941  286.356  266.833  247.386  228.035  208.806  189.737   170.88  152.315  134.164  116.619      100  84.8528   72.111  63.2456       60  63.2456   72.111  84.8528      100  116.619  \n",
      "272.029  284.253  297.321  311.127  325.576  340.588  349.285  354.401  360.555  367.696  375.766  384.708  394.462  377.359  360.555  344.093  328.024   312.41  297.321  282.843  269.072  256.125  244.131  233.238  223.607  215.407  208.806  203.961   188.68  172.047  156.205  141.421  128.062  116.619  107.703   101.98      100   101.98  107.703  116.619  128.062  141.421  156.205  172.047   188.68  205.913  223.607  241.661      260  278.568  286.356  268.328  250.599  233.238  216.333      200  184.391  169.706  156.205  144.222  134.164  126.491  121.655      120  121.655  126.491  134.164  144.222  156.205  169.706  184.391      200  216.333  233.238  250.599  268.328  286.356  304.631   323.11  310.483  291.204  272.029  252.982  234.094  215.407  196.977  178.885  161.245  144.222  128.062  113.137      100  89.4427  82.4621       80  82.4621  89.4427      100  113.137  128.062  \n",
      "288.444      300   312.41  320.624   322.49  325.576  329.848  335.261   341.76  349.285  357.771  367.151  377.359   388.33  372.022   356.09  340.588  325.576  311.127  297.321  284.253  272.029  260.768  250.599  241.661  234.094  228.035  216.333      200  184.391  169.706  156.205  144.222  134.164  126.491  121.655      120  121.655  126.491  134.164  144.222  156.205  169.706  184.391      200  216.333  233.238  250.599  268.328  286.356  295.296  277.849  260.768  244.131  228.035  212.603   197.99  184.391  172.047  161.245  152.315  145.602  141.421      140  141.421  145.602  152.315  161.245  172.047  184.391   197.99  212.603  228.035  244.131  260.768  277.849  295.296   313.05  331.059  316.228  297.321  278.568      260  241.661  223.607  205.913   188.68  172.047  156.205  141.421  128.062  116.619  107.703   101.98      100   101.98  107.703  116.619  128.062  141.421  \n",
      "302.655  300.666      300  300.666  302.655  305.941  310.483  316.228   323.11  331.059      340  349.857  360.555  372.022  384.187  368.782  353.836  339.411  325.576   312.41      300  288.444  277.849  268.328      260  252.982  244.131  228.035  212.603   197.99  184.391  172.047  161.245  152.315  145.602  141.421      140  141.421  145.602  152.315  161.245  172.047  184.391   197.99  212.603  228.035  244.131  260.768  277.849  295.296  305.287  288.444  272.029  256.125  240.832  226.274  212.603      200   188.68  178.885   170.88  164.924  161.245      160  161.245  164.924   170.88  178.885   188.68      200  212.603  226.274  240.832  256.125  272.029  288.444  305.287   322.49      340   323.11  304.631  286.356  268.328  250.599  233.238  216.333      200  184.391  169.706  156.205  144.222  134.164  126.491  121.655      120  121.655  126.491  134.164  144.222  156.205  \n",
      "282.843  280.713      280  280.713  282.843  286.356  291.204  297.321  304.631   313.05   322.49  332.866  344.093   356.09  368.782  382.099  367.696  353.836  340.588  328.024  316.228  305.287  295.296  286.356  278.568  272.029  256.125  240.832  226.274  212.603      200   188.68  178.885   170.88  164.924  161.245      160  161.245  164.924   170.88  178.885   188.68      200  212.603  226.274  240.832  256.125  272.029  288.444  305.287  316.228      300  284.253  269.072  254.558  240.832  228.035  216.333  205.913  196.977  189.737  184.391  181.108      180  181.108  184.391  189.737  196.977  205.913  216.333  228.035  240.832  254.558  269.072  284.253      300  316.228  332.866  349.285  331.059   313.05  295.296  277.849  260.768  244.131  228.035  212.603   197.99  184.391  172.047  161.245  152.315  145.602  141.421      140  141.421  145.602  152.315  161.245  172.047  \n",
      "263.059  260.768      260  260.768  263.059  266.833  272.029  278.568  286.356  295.296  305.287  316.228  328.024  340.588  353.836  367.696  382.099  368.782   356.09  344.093  332.866   322.49   313.05  304.631  297.321  284.253  269.072  254.558  240.832  228.035  216.333  205.913  196.977  189.737  184.391  181.108      180  181.108  184.391  189.737  196.977  205.913  216.333  228.035  240.832  254.558  269.072  284.253      300  316.228  328.024   312.41  297.321  282.843  269.072  256.125  244.131  233.238  223.607  215.407  208.806  203.961  200.998      200  200.998  203.961  208.806  215.407  223.607  233.238  244.131  256.125  269.072  282.843  297.321   312.41  328.024  344.093  357.771      340   322.49  305.287  288.444  272.029  256.125  240.832  226.274  212.603      200   188.68  178.885   170.88  164.924  161.245      160  161.245  164.924   170.88  178.885   188.68  \n",
      "243.311  240.832      240  240.832  243.311  247.386  252.982      260  268.328  277.849  288.444      300   312.41  325.576  339.411  353.836  368.782  384.187  372.022  360.555  349.857      340  331.059   323.11   312.41  297.321  282.843  269.072  256.125  244.131  233.238  223.607  215.407  208.806  203.961  200.998      200  200.998  203.961  208.806  215.407  223.607  233.238  244.131  256.125  269.072  282.843  297.321   312.41  328.024  340.588  325.576  311.127  297.321  284.253  272.029  260.768  250.599  241.661  234.094  228.035  223.607  220.907      220      220  220.907  223.607  228.035  234.094  241.661  250.599  260.768  272.029  284.253  297.321  311.127  325.576  340.588   356.09  349.857  332.866  316.228      300  284.253  269.072  254.558  240.832  228.035  216.333  205.913  196.977  189.737  184.391  181.108      180  181.108  184.391  189.737  196.977  205.913  \n",
      "223.607  220.907      220  220.907  223.607  228.035  234.094  241.661  250.599  260.768  272.029  284.253  297.321  311.127  325.576  340.588   356.09  372.022   388.33  377.359  367.151  357.771  349.285  340.588  325.576  311.127  297.321  284.253  272.029  260.768  250.599  241.661  234.094  228.035  223.607  220.907      220  220.907  223.607  228.035  234.094  241.661  250.599  260.768  272.029  284.253  297.321  311.127  325.576  340.588  344.093  328.024   312.41  297.321  282.843  269.072  256.125  244.131  233.238  223.607  215.407  208.806  203.961  200.998      200  200.998  203.961  208.806  215.407  223.607  233.238  244.131  256.125  269.072  282.843  297.321   312.41  328.024  344.093  360.555  344.093  328.024   312.41  297.321  282.843  269.072  256.125  244.131  233.238  223.607  215.407  208.806  203.961  200.998      200  200.998  203.961  208.806  215.407  223.607  \n",
      "203.961  200.998      200  200.998  203.961  208.806  215.407  223.607  233.238  244.131  256.125  269.072  282.843  297.321   312.41  328.024  344.093  360.555  377.359  394.462  384.708  375.766  367.696  353.836  339.411  325.576   312.41      300  288.444  277.849  268.328      260  252.982  247.386  243.311  240.832      240  240.832  243.311  247.386  252.982      260  268.328  277.849  288.444      300   312.41  325.576  339.411  349.857  332.866  316.228      300  284.253  269.072  254.558  240.832  228.035  216.333  205.913  196.977  189.737  184.391  181.108      180  181.108  184.391  189.737  196.977  205.913  216.333  228.035  240.832  254.558  269.072  284.253      300  316.228  332.866  349.857   356.09  340.588  325.576  311.127  297.321  284.253  272.029  260.768  250.599  241.661  234.094  228.035  223.607  220.907      220  220.907  223.607  228.035  234.094  241.661  \n",
      "184.391  181.108      180  181.108  184.391  189.737  196.977  205.913  216.333  228.035  240.832  254.558  269.072  284.253      300  316.228  332.866  349.857  367.151  384.708  402.492  393.954  382.099  367.696  353.836  340.588  328.024  316.228  305.287  295.296  286.356  278.568  272.029  266.833  263.059  260.768      260  260.768  263.059  266.833  272.029  278.568  286.356  295.296  305.287  316.228  328.024  340.588  353.836      340   322.49  305.287  288.444  272.029  256.125  240.832  226.274  212.603      200   188.68  178.885   170.88  164.924  161.245      160  161.245  164.924   170.88  178.885   188.68      200  212.603  226.274  240.832  256.125  272.029  288.444  305.287   322.49      340  357.771  353.836  339.411  325.576   312.41      300  288.444  277.849  268.328      260  252.982  247.386  243.311  240.832      240  240.832  243.311  247.386  252.982      260  \n"
     ]
    },
    {
     "name": "stdout",
     "output_type": "stream",
     "text": [
      "164.924  161.245      160  161.245  164.924   170.88  178.885   188.68      200  212.603  226.274  240.832  256.125  272.029  288.444  305.287   322.49      340  357.771  375.766  393.954  410.366   395.98  382.099  368.782   356.09  344.093  332.866   322.49   313.05  304.631  297.321  291.204  286.356  282.843  280.713      280  280.713  282.843  286.356  291.204  297.321  304.631   313.05   322.49  332.866  344.093   356.09  349.285  331.059   313.05  295.296  277.849  260.768  244.131  228.035  212.603   197.99  184.391  172.047  161.245  152.315  145.602  141.421      140  141.421  145.602  152.315  161.245  172.047  184.391   197.99  212.603  228.035  244.131  260.768  277.849  295.296   313.05  331.059  349.285  367.696  353.836  340.588  328.024  316.228  305.287  295.296  286.356  278.568  272.029  266.833  263.059  260.768      260  260.768  263.059  266.833  272.029  278.568  \n",
      "145.602  141.421      140  141.421  145.602  152.315  161.245  172.047  184.391   197.99  212.603  228.035  244.131  260.768  277.849  295.296   313.05  331.059  349.285  367.696  386.264  404.969  410.366  396.989  384.187  372.022  360.555  349.857      340  331.059   323.11  316.228  310.483  305.941  302.655  300.666      300  300.666  302.655  305.941  310.483  316.228   323.11  331.059      340  349.857  360.555  360.555   341.76   323.11  304.631  286.356  268.328  250.599  233.238  216.333      200  184.391  169.706  156.205  144.222  134.164  126.491  121.655      120  121.655  126.491  134.164  144.222  156.205  169.706  184.391      200  216.333  233.238  250.599  268.328  286.356  304.631   323.11   341.76  360.555  368.782   356.09  344.093  332.866   322.49   313.05  304.631  297.321  291.204  286.356  282.843  280.713      280  280.713  282.843  286.356  291.204  297.321  \n",
      "126.491  121.655      120  121.655  126.491  134.164  144.222  156.205  169.706  184.391      200  216.333  233.238  250.599  268.328  286.356  304.631   323.11   341.76  360.555  379.473  398.497  417.612  412.311      400   388.33  377.359  367.151  357.771  349.285   341.76  335.261  329.848  325.576   322.49  320.624      320  320.624   322.49  325.576  329.848  335.261   341.76  349.285  357.771  367.151  373.631  354.401  335.261  316.228  297.321  278.568      260  241.661  223.607  205.913   188.68  172.047  156.205  141.421  128.062  116.619  107.703   101.98      100   101.98  107.703  116.619  128.062  141.421  156.205  172.047   188.68  205.913  223.607  241.661      260  278.568  297.321  316.228  335.261  354.401  373.631  372.022  360.555  349.857      340  331.059   323.11  316.228  310.483  305.941  302.655  300.666      300  300.666  302.655  305.941  310.483  316.228  \n",
      "107.703   101.98      100   101.98  107.703  116.619  128.062  141.421  156.205  172.047   188.68  205.913  223.607  241.661      260  278.568  297.321  316.228  335.261  354.401  373.631  392.938  412.311  428.019  416.173  404.969  394.462  384.708  375.766  367.696  360.555  354.401  349.285  345.254  342.345  340.588      340  340.588  342.345  345.254  349.285  354.401  360.555  367.696  375.766  384.708  368.782  349.285  329.848  310.483  291.204  272.029  252.982  234.094  215.407  196.977  178.885  161.245  144.222  128.062  113.137      100  89.4427  82.4621       80  82.4621  89.4427      100  113.137  128.062  144.222  161.245  178.885  196.977  215.407  234.094  252.982  272.029  291.204  310.483  329.848  349.285  368.782   388.33  377.359  367.151  357.771  349.285   341.76  335.261  329.848  325.576   322.49  320.624      320  320.624   322.49  325.576  329.848  335.261  \n",
      "89.4427  82.4621       80  82.4621  89.4427      100  113.137  128.062  144.222  161.245  178.885  196.977  215.407  234.094  252.982  272.029  291.204  310.483  329.848  349.285  368.782   388.33  407.922  427.551  432.666    421.9  411.825  402.492  393.954  386.264  379.473  373.631  368.782  364.966  362.215  360.555      360  360.555  362.215  364.966  368.782  373.631  379.473  386.264  393.954  384.708  364.966  345.254  325.576  305.941  286.356  266.833  247.386  228.035  208.806  189.737   170.88  152.315  134.164  116.619      100  84.8528   72.111  63.2456       60  63.2456   72.111  84.8528      100  116.619  134.164  152.315   170.88  189.737  208.806  228.035  247.386  266.833  286.356  305.941  325.576  345.254  364.966  384.708  394.462  384.708  375.766  367.696  360.555  354.401  349.285  345.254  342.345  340.588      340  340.588  342.345  345.254  349.285  354.401  \n",
      " 72.111  63.2456       60  63.2456   72.111  84.8528      100  116.619  134.164  152.315   170.88  189.737  208.806  228.035  247.386  266.833  286.356  305.941  325.576  345.254  364.966  384.708  404.475  424.264  444.072   439.09  429.418  420.476  412.311  404.969  398.497  392.938   388.33  384.708  382.099  380.526      380  380.526  382.099  384.708   388.33  392.938  398.497  404.969  401.995  382.099  362.215  342.345   322.49  302.655  282.843  263.059  243.311  223.607  203.961  184.391  164.924  145.602  126.491  107.703  89.4427   72.111  56.5685  44.7214       40  44.7214  56.5685   72.111  89.4427  107.703  126.491  145.602  164.924  184.391  203.961  223.607  243.311  263.059  282.843  302.655   322.49  342.345  362.215  382.099  401.995  402.492  393.954  386.264  379.473  373.631  368.782  364.966  362.215  360.555      360  360.555  362.215  364.966  368.782  360.555  \n",
      "56.5685  44.7214       40  44.7214  56.5685   72.111  89.4427  107.703  126.491  145.602  164.924  184.391  203.961  223.607  243.311  263.059  282.843  302.655   322.49  342.345  362.215  382.099  401.995    421.9  441.814  456.508  447.214  438.634  430.813  423.792  417.612  412.311  407.922  404.475  401.995    400.5      400    400.5  401.995  404.475  407.922  412.311  417.612  420.476    400.5  380.526  360.555  340.588  320.624  300.666  280.713  260.768  240.832  220.907  200.998  181.108  161.245  141.421  121.655   101.98  82.4621  63.2456  44.7214  28.2843       20  28.2843  44.7214  63.2456  82.4621   101.98  121.655  141.421  161.245  181.108  200.998  220.907  240.832  260.768  280.713  300.666  320.624  340.588  360.555  380.526    400.5  420.476  412.311  404.969  398.497  392.938   388.33  384.708  382.099  380.526      380  380.526  382.099  384.708  382.099  362.215  \n",
      "44.7214  28.2843       20  28.2843  44.7214  63.2456  82.4621   101.98  121.655  141.421  161.245  181.108  200.998  220.907  240.832  260.768  280.713  300.666  320.624  340.588  360.555  380.526    400.5  420.476  440.454  460.435  465.188  456.946  449.444  442.719  436.807  431.741  427.551  424.264    421.9  420.476      420  420.476    421.9  424.264  427.551  431.741  436.807      420      400      380      360      340      320      300      280      260      240      220      200      180      160      140      120      100       80       60       40       20        0       20       40       60       80      100      120      140      160      180      200      220      240      260      280      300      320      340      360      380      400      420  430.813  423.792  417.612  412.311  407.922  404.475  401.995    400.5      400    400.5  401.995  404.475  384.708  364.966  \n",
      "     40       20        0       20       40       60       80      100      120      140      160      180      200      220      240      260      280      300      320      340      360      380      400      420      440      460      480  475.395  468.188  461.736   456.07  451.221  447.214  444.072  441.814  440.454  436.807  431.741  427.551  424.264    421.9  420.476      420  420.476    400.5  380.526  360.555  340.588  320.624  300.666  280.713  260.768  240.832  220.907  200.998  181.108  161.245  141.421  121.655   101.98  82.4621  63.2456  44.7214  28.2843       20  28.2843  44.7214  63.2456  82.4621   101.98  121.655  141.421  161.245  181.108  200.998  220.907  240.832  260.768  280.713  300.666  320.624  340.588  360.555  380.526    400.5  420.476  440.454  442.719  436.807  431.741  427.551  424.264    421.9  420.476      420  420.476    421.9  407.922   388.33  368.782  \n",
      "44.7214  28.2843       20  28.2843  44.7214  63.2456  82.4621   101.98  121.655  141.421  161.245  181.108  200.998  220.907  240.832  260.768  280.713  300.666  320.624  340.588  360.555  380.526    400.5  420.476  440.454  460.435  480.416  493.964  487.032  477.074  466.476  456.508  447.214  438.634  430.813  423.792  417.612  412.311  407.922  404.475  401.995    400.5      400    400.5  401.995  382.099  362.215  342.345   322.49  302.655  282.843  263.059  243.311  223.607  203.961  184.391  164.924  145.602  126.491  107.703  89.4427   72.111  56.5685  44.7214       40  44.7214  56.5685   72.111  89.4427  107.703  126.491  145.602  164.924  184.391  203.961  223.607  243.311  263.059  282.843  302.655   322.49  342.345  362.215  382.099  401.995    421.9  441.814  461.736   456.07  451.221  447.214  444.072  441.814  440.454      440  440.454  431.741  412.311  392.938  373.631  \n",
      "     40  44.7214       40  44.7214  56.5685   72.111  89.4427  107.703  126.491  145.602  164.924  184.391  203.961  223.607  243.311  263.059  282.843  302.655   322.49  342.345  362.215  382.099  401.995    421.9  441.814  461.736  481.664  484.149  472.017  460.435  449.444   439.09  429.418  420.476  412.311  404.969  398.497  392.938   388.33  384.708  382.099  380.526      380  380.526  382.099  384.708  364.966  345.254  325.576  305.941  286.356  266.833  247.386  228.035  208.806  189.737   170.88  152.315  134.164  116.619      100  84.8528   72.111  63.2456       60  63.2456   72.111  84.8528      100  116.619  134.164  152.315   170.88  189.737  208.806  228.035  247.386  266.833  286.356  305.941  325.576  345.254  364.966  384.708  404.475  424.264  444.072  460.435      460  460.435  461.736  463.897  461.736  460.435      460   456.07  436.807  417.612  398.497  379.473  \n",
      "44.7214  63.2456       60  63.2456   72.111  84.8528      100  116.619  134.164  152.315   170.88  189.737  208.806  228.035  247.386  266.833  286.356  305.941  325.576  345.254  364.966  384.708  404.475  424.264  444.072  463.897  481.664  468.615   456.07  444.072  432.666    421.9  411.825  402.492  393.954  386.264  379.473  373.631  368.782  364.966  362.215  360.555      360  360.555  362.215  364.966  368.782  349.285  329.848  310.483  291.204  272.029  252.982  234.094  215.407  196.977  178.885  161.245  144.222  128.062  113.137      100  89.4427  82.4621       80  82.4621  89.4427      100  113.137  128.062  144.222  161.245  178.885  196.977  215.407  234.094  252.982  272.029  291.204  310.483  329.848  349.285  368.782   388.33  407.922  427.551  441.814  440.454      440  440.454  441.814  444.072  447.214  451.221   456.07  461.736  442.719  423.792  404.969  386.264  \n",
      "56.5685   72.111       80  82.4621  89.4427      100  113.137  128.062  144.222  161.245  178.885  196.977  215.407  234.094  252.982  272.029  291.204  310.483  329.848  349.285  368.782   388.33  407.922  427.551  447.214  466.905  466.905  453.431  440.454  428.019  416.173  404.969  394.462  384.708  375.766  367.696  360.555  354.401  349.285  345.254  342.345  340.588      340  340.588  342.345  345.254  349.285  354.401  335.261  316.228  297.321  278.568      260  241.661  223.607  205.913   188.68  172.047  156.205  141.421  128.062  116.619  107.703   101.98      100   101.98  107.703  116.619  128.062  141.421  156.205  172.047   188.68  205.913  223.607  241.661      260  278.568  297.321  316.228  335.261  354.401  373.631  392.938  412.311  424.264    421.9  420.476      420  420.476    421.9  424.264  427.551  431.741  436.807  442.719  449.444  430.813  412.311  393.954  \n",
      " 72.111  84.8528      100   101.98  107.703  116.619  128.062  141.421  156.205  172.047   188.68  205.913  223.607  241.661      260  278.568  297.321  316.228  335.261  354.401  373.631  392.938  412.311  431.741  451.221  466.905  452.548  438.634  425.206  412.311      400   388.33  377.359  367.151  357.771  349.285   341.76  335.261  329.848  325.576   322.49  320.624      320  320.624   322.49  325.576  329.848  335.261   341.76   323.11  304.631  286.356  268.328  250.599  233.238  216.333      200  184.391  169.706  156.205  144.222  134.164  126.491  121.655      120  121.655  126.491  134.164  144.222  156.205  169.706  184.391      200  216.333  233.238  250.599  268.328  286.356  304.631   323.11   341.76  360.555  379.473  398.497  407.922  404.475  401.995    400.5      400    400.5  401.995  404.475  407.922  412.311  417.612  423.792  430.813  438.634  420.476  402.492  \n",
      "89.4427      100  113.137  121.655  126.491  134.164  144.222  156.205  169.706  184.391      200  216.333  233.238  250.599  268.328  286.356  304.631   323.11   341.76  360.555  379.473  398.497  417.612  436.807   456.07  453.431  438.634  424.264  410.366  396.989  384.187  372.022  360.555  349.857      340  331.059   323.11  316.228  310.483  305.941  302.655  300.666      300  300.666  302.655  305.941  310.483  316.228   323.11  331.059   313.05  295.296  277.849  260.768  244.131  228.035  212.603   197.99  184.391  172.047  161.245  152.315  145.602  141.421      140  141.421  145.602  152.315  161.245  172.047  184.391   197.99  212.603  228.035  244.131  260.768  277.849  295.296   313.05  331.059  349.285  367.696  386.264  392.938   388.33  384.708  382.099  380.526      380  380.526  382.099  384.708   388.33  392.938  398.497  404.969  412.311  420.476  429.418  411.825  \n",
      "107.703  116.619  128.062  141.421  145.602  152.315  161.245  172.047  184.391   197.99  212.603  228.035  244.131  260.768  277.849  295.296   313.05  331.059  349.285  367.696  386.264  404.969  423.792  442.719   456.07  440.454  425.206  410.366   395.98  382.099  368.782   356.09  344.093  332.866   322.49   313.05  304.631  297.321  291.204  286.356  282.843  280.713      280  280.713  282.843  286.356  291.204  297.321  304.631   313.05   322.49  305.287  288.444  272.029  256.125  240.832  226.274  212.603      200   188.68  178.885   170.88  164.924  161.245      160  161.245  164.924   170.88  178.885   188.68      200  212.603  226.274  240.832  256.125  272.029  288.444  305.287   322.49      340  357.771  375.766  379.473  373.631  368.782  364.966  362.215  360.555      360  360.555  362.215  364.966  368.782  373.631  379.473  386.264  393.954  402.492  411.825  404.969  \n",
