{
 "cells": [
  {
   "cell_type": "code",
   "execution_count": 73,
   "metadata": {},
   "outputs": [],
   "source": [
    "import numpy as np\n",
    "import pandas as pd\n",
    "from scipy.spatial import distance\n",
    "from scipy.spatial import distance_matrix"
   ]
  },
  {
   "cell_type": "code",
   "execution_count": 74,
   "metadata": {},
   "outputs": [],
   "source": [
    "def matprint(mat, fmt=\"g\"):\n",
    "\n",
    "    col_maxes = [max([len((\"{:\"+fmt+\"}\").format(x)) for x in col]) for col in mat.T]\n",
    "\n",
    "    for x in mat:\n",
    "\n",
    "        for i, y in enumerate(x):\n",
    "\n",
    "            print((\"{:\"+str(col_maxes[i])+fmt+\"}\").format(y), end=\"  \")\n",
    "\n",
    "        print(\"\")"
   ]
  },
  {
   "cell_type": "code",
   "execution_count": 89,
   "metadata": {},
   "outputs": [
    {
     "name": "stdout",
     "output_type": "stream",
     "text": [
      "Points:\n",
      "64\n",
      "Rows:\n",
      "12\n",
      "Cols:\n",
      "6\n",
      "Starting IDX:\n",
      "(15, 44)\n"
     ]
    }
   ],
   "source": [
    "#messing around with auto generated closeness\n",
    "import random\n",
    "from time import time\n",
    "\n",
    "points = (64, 64)\n",
    "dims = (50, 64)\n",
    "\n",
    "#pick between 1 and 10 points of interest\n",
    "detections = random.randint(points[0], points[1])\n",
    "print(\"Points:\")\n",
    "print(detections)\n",
    "#pick random amount of rows\n",
    "rows = random.randint(1,int(detections / 2))\n",
    "#determine columns\n",
    "print(\"Rows:\")\n",
    "print(rows)\n",
    "cols = int(detections / rows)\n",
    "if detections % rows != 0:\n",
    "    cols = cols + 1\n",
    "print(\"Cols:\")\n",
    "print(cols)\n",
    "#determine indices\n",
    "#random starting index somewhere in the bounds of the layer (left top)\n",
    "start = (random.randint(1, dims[0] - rows), random.randint(1, dims[1] - cols))\n",
    "print(\"Starting IDX:\")\n",
    "print(start)\n",
    "idxs = []\n",
    "for r in range(rows):\n",
    "    for c in range(cols):\n",
    "        if detections != 0:\n",
    "            idxs.append((start[0] + r, start[1] + c))\n",
    "        detections = detections - 1\n",
    "        \n",
    "# TODO: Copy stuff, more clumps.\n",
    "\n",
    "# print(\"Indices:\")\n",
    "# print(idxs)\n",
    "# print(len(idxs))\n",
    "\n",
    "#testing how this would look in an array\n",
    "arr = np.zeros((dims[0], dims[1]))\n",
    "for idx in idxs:\n",
    "    arr[idx[0], idx[1]] = 1\n",
    "#print(\"Before Proximity\")\n",
    "#matprint(arr)\n",
    "\n",
    "#now we need to fill initial proximity values\n",
    "#euclidean distance. Each pixel is about 20x20 meters.\n",
    "#to simplify calculations I think I'll just take the average coords of the \n",
    "#detections and calculate the distance from that...\n",
    "\n",
    "centroid = [sum(idx) / len(idx) for idx in zip(*idxs)]\n",
    "\n",
    "scale = 20 #meters per pixel"
   ]
  },
  {
   "cell_type": "code",
   "execution_count": 90,
   "metadata": {},
   "outputs": [
    {
     "name": "stdout",
     "output_type": "stream",
     "text": [
      "Time passed: 3.162386178970337\n",
      "929.731  910.824  891.964  873.155    854.4  835.703  817.068  798.499      780  761.577  743.236  724.983  706.824  688.767   670.82  652.993  635.295  617.738  600.333  583.095  566.039  549.181  532.541   516.14      500  484.149  468.615  453.431  438.634  424.264  410.366  396.989  384.187  372.022  360.555  349.857      340  331.059   323.11  316.228  310.483  305.941  302.655  300.666  300  300  300  300  300  300  300.666  302.655  305.941  310.483  316.228   323.11  331.059      340  349.857  360.555  372.022  384.187  396.989  410.366  \n",
      "923.472  904.434  885.438  866.487  847.585  828.734  809.938  791.202  772.528  753.923  735.391  716.938   698.57  680.294  662.118   644.05  626.099  608.276  590.593  573.062  555.698  538.516  521.536  504.777  488.262  472.017   456.07  440.454  425.206  410.366   395.98  382.099  368.782   356.09  344.093  332.866   322.49   313.05  304.631  297.321  291.204  286.356  282.843  280.713  280  280  280  280  280  280  280.713  282.843  286.356  291.204  297.321  304.631   313.05   322.49  332.866  344.093   356.09  368.782  382.099   395.98  \n",
      "917.606  898.443  879.318  860.233   841.19  822.192  803.243  784.347  765.506  746.726  728.011  709.366  690.797  672.309  653.911   635.61  617.414  599.333  581.378   563.56  545.894  528.394  511.077  493.964  477.074  460.435  444.072  428.019  412.311  396.989  382.099  367.696  353.836  340.588  328.024  316.228  305.287  295.296  286.356  278.568  272.029  266.833  263.059  260.768  260  260  260  260  260  260  260.768  263.059  266.833  272.029  278.568  286.356  295.296  305.287  316.228  328.024  340.588  353.836  367.696  382.099  \n",
      " 912.14  892.861  873.613    854.4  835.225  816.088  796.994  777.946  758.947      740   721.11  702.282   683.52  664.831   646.22  627.694  609.262  590.931  572.713  554.617  536.656  518.845  501.199  483.735  466.476  449.444  432.666  416.173      400  384.187  368.782  353.836  339.411  325.576   312.41      300  288.444  277.849  268.328      260  252.982  247.386  243.311  240.832  240  240  240  240  240  240  240.832  243.311  247.386  252.982      260  268.328  277.849  288.444      300   312.41  325.576  339.411  353.836  368.782  \n",
      "907.083  887.694  868.332  848.999  829.699  810.432  791.202   772.01  752.861  733.757  714.703  695.701  676.757  657.875  639.062  620.322  601.664  583.095  564.624   546.26  528.015  509.902  491.935  474.131  456.508   439.09    421.9  404.969   388.33  372.022   356.09  340.588  325.576  311.127  297.321  284.253  272.029  260.768  250.599  241.661  234.094  228.035  223.607  220.907  220  220  220  220  220  220  220.907  223.607  228.035  234.094  241.661  250.599  260.768  272.029  284.253  297.321  311.127  325.576  340.588   356.09  \n",
      "902.441   882.95  863.481  844.038  824.621  805.233  785.875  766.551  747.262  728.011  708.802  689.638  670.522   651.46  632.456  613.514  594.643  575.847  557.136  538.516      520  501.597  483.322  465.188  447.214  429.418  411.825  394.462  377.359  360.555  344.093  328.024   312.41  297.321  282.843  269.072  256.125  244.131  233.238  223.607  215.407  208.806  203.961  200.998  200  200  200  200  200  200  200.998  203.961  208.806  215.407  223.607  233.238  244.131  256.125  269.072  282.843  297.321   312.41  328.024  344.093  \n",
      " 898.22  878.635  859.069  839.524      820    800.5  781.025  761.577  742.159  722.772   703.42  684.105  664.831    645.6  626.418  607.289  588.218   569.21  550.273  531.413   512.64  493.964  475.395  456.946  438.634  420.476  402.492  384.708  367.151  349.857  332.866  316.228      300  284.253  269.072  254.558  240.832  228.035  216.333  205.913  196.977  189.737  184.391  181.108  180  180  180  180  180  180  181.108  184.391  189.737  196.977  205.913  216.333  228.035  240.832  254.558  269.072  284.253      300  316.228  332.866  \n",
      "894.427  874.757  855.102  835.464  815.843  796.241   776.66    757.1  737.564  718.053   698.57  679.117  659.697  640.312  620.967  601.664  582.409  563.205  544.059  524.976  505.964  487.032  468.188  449.444  430.813  412.311  393.954  375.766  357.771      340   322.49  305.287  288.444  272.029  256.125  240.832  226.274  212.603      200   188.68  178.885   170.88  164.924  161.245  160  160  160  160  160  160  161.245  164.924   170.88  178.885   188.68      200  212.603  226.274  240.832  256.125  272.029  288.444  305.287   322.49  \n",
      "891.067  871.321  851.587  831.865  812.158  792.465  772.787  753.127  733.485  713.863  694.262  674.685  655.134   635.61  616.117  596.657  577.235  557.853  538.516   519.23      500  480.833  461.736  442.719  423.792  404.969  386.264  367.696  349.285  331.059   313.05  295.296  277.849  260.768  244.131  228.035  212.603   197.99  184.391  172.047  161.245  152.315  145.602  141.421  140  140  140  140  140  140  141.421  145.602  152.315  161.245  172.047  184.391   197.99  212.603  228.035  244.131  260.768  277.849  295.296   313.05  \n",
      "888.144  868.332  848.528  828.734   808.95  789.177  769.415  749.667  729.932  710.211  690.507   670.82  651.153  631.506  611.882  592.284  572.713  553.173  533.667  514.198  494.773  475.395   456.07  436.807  417.612  398.497  379.473  360.555   341.76   323.11  304.631  286.356  268.328  250.599  233.238  216.333      200  184.391  169.706  156.205  144.222  134.164  126.491  121.655  120  120  120  120  120  120  121.655  126.491  134.164  144.222  156.205  169.706  184.391      200  216.333  233.238  250.599  268.328  286.356  304.631  \n",
      "885.664  865.794  845.931  826.075  806.226  786.384  766.551  746.726  726.911  707.107  687.314  667.533  647.765  628.013  608.276  588.558  568.859  549.181  529.528  509.902  490.306  470.744  451.221  431.741  412.311  392.938  373.631  354.401  335.261  316.228  297.321  278.568      260  241.661  223.607  205.913   188.68  172.047  156.205  141.421  128.062  116.619  107.703   101.98  100  100  100  100  100  100   101.98  107.703  116.619  128.062  141.421  156.205  172.047   188.68  205.913  223.607  241.661      260  278.568  297.321  \n",
      "883.629  863.713  843.801  823.893   803.99  784.092  764.199  744.312  724.431  704.557   684.69  664.831  644.981   625.14   605.31  585.491  565.685  545.894  526.118   506.36  486.621  466.905  447.214  427.551  407.922   388.33  368.782  349.285  329.848  310.483  291.204  272.029  252.982  234.094  215.407  196.977  178.885  161.245  144.222  128.062  113.137      100  89.4427  82.4621   80   80   80   80   80   80  82.4621  89.4427      100  113.137  128.062  144.222  161.245  178.885  196.977  215.407  234.094  252.982  272.029  291.204  \n",
      "882.043   862.09   842.14  822.192  802.247  782.304  762.365  742.428  722.496  702.567  682.642  662.722  642.806  622.896  602.993  583.095  563.205  543.323   523.45  503.587  483.735  463.897  444.072  424.264  404.475  384.708  364.966  345.254  325.576  305.941  286.356  266.833  247.386  228.035  208.806  189.737   170.88  152.315  134.164  116.619      100  84.8528   72.111  63.2456   60   60   60   60   60   60  63.2456   72.111  84.8528      100  116.619  134.164  152.315   170.88  189.737  208.806  228.035  247.386  266.833  286.356  \n",
      "880.909   860.93  840.952  820.975  800.999  781.025  761.052   741.08   721.11  701.142  681.175  661.211  641.249  621.289  601.332  581.378  561.427  541.479  521.536  501.597  481.664  461.736  441.814    421.9  401.995  382.099  362.215  342.345   322.49  302.655  282.843  263.059  243.311  223.607  203.961  184.391  164.924  145.602  126.491  107.703  89.4427   72.111  56.5685  44.7214   40   40   40   40   40   40  44.7214  56.5685   72.111  89.4427  107.703  126.491  145.602  164.924  184.391  203.961  223.607  243.311  263.059  282.843  \n",
      "880.227  860.233  840.238  820.244   800.25  780.256  760.263   740.27  720.278  700.286  680.294  660.303  640.312  620.322  600.333  580.345  560.357   540.37  520.384    500.4  480.416  460.435  440.454  420.476    400.5  380.526  360.555  340.588  320.624  300.666  280.713  260.768  240.832  220.907  200.998  181.108  161.245  141.421  121.655   101.98  82.4621  63.2456  44.7214  28.2843   20   20   20   20   20   20  28.2843  44.7214  63.2456  82.4621   101.98  121.655  141.421  161.245  181.108  200.998  220.907  240.832  260.768  280.713  \n",
      "    880      860      840      820      800      780      760      740      720      700      680      660      640      620      600      580      560      540      520      500      480      460      440      420      400      380      360      340      320      300      280      260      240      220      200      180      160      140      120      100       80       60       40       20    0    0    0    0    0    0       20       40       60       80      100      120      140      160      180      200      220      240      260      280  \n",
      "    880      860      840      820      800      780      760      740      720      700      680      660      640      620      600      580      560      540      520      500      480      460      440      420      400      380      360      340      320      300      280      260      240      220      200      180      160      140      120      100       80       60       40       20    0    0    0    0    0    0       20       40       60       80      100      120      140      160      180      200      220      240      260      280  \n",
      "    880      860      840      820      800      780      760      740      720      700      680      660      640      620      600      580      560      540      520      500      480      460      440      420      400      380      360      340      320      300      280      260      240      220      200      180      160      140      120      100       80       60       40       20    0    0    0    0    0    0       20       40       60       80      100      120      140      160      180      200      220      240      260      280  \n",
      "    880      860      840      820      800      780      760      740      720      700      680      660      640      620      600      580      560      540      520      500      480      460      440      420      400      380      360      340      320      300      280      260      240      220      200      180      160      140      120      100       80       60       40       20    0    0    0    0    0    0       20       40       60       80      100      120      140      160      180      200      220      240      260      280  \n",
      "    880      860      840      820      800      780      760      740      720      700      680      660      640      620      600      580      560      540      520      500      480      460      440      420      400      380      360      340      320      300      280      260      240      220      200      180      160      140      120      100       80       60       40       20    0    0    0    0    0    0       20       40       60       80      100      120      140      160      180      200      220      240      260      280  \n",
      "    880      860      840      820      800      780      760      740      720      700      680      660      640      620      600      580      560      540      520      500      480      460      440      420      400      380      360      340      320      300      280      260      240      220      200      180      160      140      120      100       80       60       40       20    0    0    0    0    0    0       20       40       60       80      100      120      140      160      180      200      220      240      260      280  \n",
      "    880      860      840      820      800      780      760      740      720      700      680      660      640      620      600      580      560      540      520      500      480      460      440      420      400      380      360      340      320      300      280      260      240      220      200      180      160      140      120      100       80       60       40       20    0    0    0    0    0    0       20       40       60       80      100      120      140      160      180      200      220      240      260      280  \n",
      "    880      860      840      820      800      780      760      740      720      700      680      660      640      620      600      580      560      540      520      500      480      460      440      420      400      380      360      340      320      300      280      260      240      220      200      180      160      140      120      100       80       60       40       20    0    0    0    0    0    0       20       40       60       80      100      120      140      160      180      200      220      240      260      280  \n",
      "    880      860      840      820      800      780      760      740      720      700      680      660      640      620      600      580      560      540      520      500      480      460      440      420      400      380      360      340      320      300      280      260      240      220      200      180      160      140      120      100       80       60       40       20    0    0    0    0    0    0       20       40       60       80      100      120      140      160      180      200      220      240      260      280  \n",
      "    880      860      840      820      800      780      760      740      720      700      680      660      640      620      600      580      560      540      520      500      480      460      440      420      400      380      360      340      320      300      280      260      240      220      200      180      160      140      120      100       80       60       40       20    0    0    0    0    0    0       20       40       60       80      100      120      140      160      180      200      220      240      260      280  \n",
      "    880      860      840      820      800      780      760      740      720      700      680      660      640      620      600      580      560      540      520      500      480      460      440      420      400      380      360      340      320      300      280      260      240      220      200      180      160      140      120      100       80       60       40       20    0    0    0    0   20    0       20       40       60       80      100      120      140      160      180      200      220      240      260      280  \n",
      "    880      860      840      820      800      780      760      740      720      700      680      660      640      620      600      580      560      540      520      500      480      460      440      420      400      380      360      340      320      300      280      260      240      220      200      180      160      140      120      100       80       60       40       20    0    0    0    0    0    0       20       40       60       80      100      120      140      160      180      200      220      240      260      280  \n",
      "880.227  860.233  840.238  820.244   800.25  780.256  760.263   740.27  720.278  700.286  680.294  660.303  640.312  620.322  600.333  580.345  560.357   540.37  520.384    500.4  480.416  460.435  440.454  420.476    400.5  380.526  360.555  340.588  320.624  300.666  280.713  260.768  240.832  220.907  200.998  181.108  161.245  141.421  121.655   101.98  82.4621  63.2456  44.7214  28.2843   20   20   20   20   20   20  28.2843  44.7214  63.2456  82.4621   101.98  121.655  141.421  161.245  181.108  200.998  220.907  240.832  260.768  280.713  \n",
      "880.909   860.93  840.952  820.975  800.999  781.025  761.052   741.08   721.11  701.142  681.175  661.211  641.249  621.289  601.332  581.378  561.427  541.479  521.536  501.597  481.664  461.736  441.814    421.9  401.995  382.099  362.215  342.345   322.49  302.655  282.843  263.059  243.311  223.607  203.961  184.391  164.924  145.602  126.491  107.703  89.4427   72.111  56.5685  44.7214   40   40   40   40   40   40  44.7214  56.5685   72.111  89.4427  107.703  126.491  145.602  164.924  184.391  203.961  223.607  243.311  263.059  282.843  \n",
      "882.043   862.09   842.14  822.192  802.247  782.304  762.365  742.428  722.496  702.567  682.642  662.722  642.806  622.896  602.993  583.095  563.205  543.323   523.45  503.587  483.735  463.897  444.072  424.264  404.475  384.708  364.966  345.254  325.576  305.941  286.356  266.833  247.386  228.035  208.806  189.737   170.88  152.315  134.164  116.619      100  84.8528   72.111  63.2456   60   60   60   60   60   60  63.2456   72.111  84.8528      100  116.619  134.164  152.315   170.88  189.737  208.806  228.035  247.386  266.833  286.356  \n",
      "883.629  863.713  843.801  823.893   803.99  784.092  764.199  744.312  724.431  704.557   684.69  664.831  644.981   625.14   605.31  585.491  565.685  545.894  526.118   506.36  486.621  466.905  447.214  427.551  407.922   388.33  368.782  349.285  329.848  310.483  291.204  272.029  252.982  234.094  215.407  196.977  178.885  161.245  144.222  128.062  113.137      100  89.4427  82.4621   80   80   80   80   80   80  82.4621  89.4427      100  113.137  128.062  144.222  161.245  178.885  196.977  215.407  234.094  252.982  272.029  291.204  \n",
      "885.664  865.794  845.931  826.075  806.226  786.384  766.551  746.726  726.911  707.107  687.314  667.533  647.765  628.013  608.276  588.558  568.859  549.181  529.528  509.902  490.306  470.744  451.221  431.741  412.311  392.938  373.631  354.401  335.261  316.228  297.321  278.568      260  241.661  223.607  205.913   188.68  172.047  156.205  141.421  128.062  116.619  107.703   101.98  100  100  100  100  100  100   101.98  107.703  116.619  128.062  141.421  156.205  172.047   188.68  205.913  223.607  241.661      260  278.568  297.321  \n",
      "888.144  868.332  848.528  828.734   808.95  789.177  769.415  749.667  729.932  710.211  690.507   670.82  651.153  631.506  611.882  592.284  572.713  553.173  533.667  514.198  494.773  475.395   456.07  436.807  417.612  398.497  379.473  360.555   341.76   323.11  304.631  286.356  268.328  250.599  233.238  216.333      200  184.391  169.706  156.205  144.222  134.164  126.491  121.655  120  120  120  120  120  120  121.655  126.491  134.164  144.222  156.205  169.706  184.391      200  216.333  233.238  250.599  268.328  286.356  304.631  \n",
      "891.067  871.321  851.587  831.865  812.158  792.465  772.787  753.127  733.485  713.863  694.262  674.685  655.134   635.61  616.117  596.657  577.235  557.853  538.516   519.23      500  480.833  461.736  442.719  423.792  404.969  386.264  367.696  349.285  331.059   313.05  295.296  277.849  260.768  244.131  228.035  212.603   197.99  184.391  172.047  161.245  152.315  145.602  141.421  140  140  140  140  140  140  141.421  145.602  152.315  161.245  172.047  184.391   197.99  212.603  228.035  244.131  260.768  277.849  295.296   313.05  \n",
      "894.427  874.757  855.102  835.464  815.843  796.241   776.66    757.1  737.564  718.053   698.57  679.117  659.697  640.312  620.967  601.664  582.409  563.205  544.059  524.976  505.964  487.032  468.188  449.444  430.813  412.311  393.954  375.766  357.771      340   322.49  305.287  288.444  272.029  256.125  240.832  226.274  212.603      200   188.68  178.885   170.88  164.924  161.245  160  160  160  160  160  160  161.245  164.924   170.88  178.885   188.68      200  212.603  226.274  240.832  256.125  272.029  288.444  305.287   322.49  \n",
      " 898.22  878.635  859.069  839.524      820    800.5  781.025  761.577  742.159  722.772   703.42  684.105  664.831    645.6  626.418  607.289  588.218   569.21  550.273  531.413   512.64  493.964  475.395  456.946  438.634  420.476  402.492  384.708  367.151  349.857  332.866  316.228      300  284.253  269.072  254.558  240.832  228.035  216.333  205.913  196.977  189.737  184.391  181.108  180  180  180  180  180  180  181.108  184.391  189.737  196.977  205.913  216.333  228.035  240.832  254.558  269.072  284.253      300  316.228  332.866  \n"
     ]
    },
    {
     "name": "stdout",
     "output_type": "stream",
     "text": [
      "902.441   882.95  863.481  844.038  824.621  805.233  785.875  766.551  747.262  728.011  708.802  689.638  670.522   651.46  632.456  613.514  594.643  575.847  557.136  538.516      520  501.597  483.322  465.188  447.214  429.418  411.825  394.462  377.359  360.555  344.093  328.024   312.41  297.321  282.843  269.072  256.125  244.131  233.238  223.607  215.407  208.806  203.961  200.998  200  200  200  200  200  200  200.998  203.961  208.806  215.407  223.607  233.238  244.131  256.125  269.072  282.843  297.321   312.41  328.024  344.093  \n",
      "907.083  887.694  868.332  848.999  829.699  810.432  791.202   772.01  752.861  733.757  714.703  695.701  676.757  657.875  639.062  620.322  601.664  583.095  564.624   546.26  528.015  509.902  491.935  474.131  456.508   439.09    421.9  404.969   388.33  372.022   356.09  340.588  325.576  311.127  297.321  284.253  272.029  260.768  250.599  241.661  234.094  228.035  223.607  220.907  220  220  220  220  220  220  220.907  223.607  228.035  234.094  241.661  250.599  260.768  272.029  284.253  297.321  311.127  325.576  340.588   356.09  \n",
      " 912.14  892.861  873.613    854.4  835.225  816.088  796.994  777.946  758.947      740   721.11  702.282   683.52  664.831   646.22  627.694  609.262  590.931  572.713  554.617  536.656  518.845  501.199  483.735  466.476  449.444  432.666  416.173      400  384.187  368.782  353.836  339.411  325.576   312.41      300  288.444  277.849  268.328      260  252.982  247.386  243.311  240.832  240  240  240  240  240  240  240.832  243.311  247.386  252.982      260  268.328  277.849  288.444      300   312.41  325.576  339.411  353.836  368.782  \n",
      "917.606  898.443  879.318  860.233   841.19  822.192  803.243  784.347  765.506  746.726  728.011  709.366  690.797  672.309  653.911   635.61  617.414  599.333  581.378   563.56  545.894  528.394  511.077  493.964  477.074  460.435  444.072  428.019  412.311  396.989  382.099  367.696  353.836  340.588  328.024  316.228  305.287  295.296  286.356  278.568  272.029  266.833  263.059  260.768  260  260  260  260  260  260  260.768  263.059  266.833  272.029  278.568  286.356  295.296  305.287  316.228  328.024  340.588  353.836  367.696  382.099  \n",
      "923.472  904.434  885.438  866.487  847.585  828.734  809.938  791.202  772.528  753.923  735.391  716.938   698.57  680.294  662.118   644.05  626.099  608.276  590.593  573.062  555.698  538.516  521.536  504.777  488.262  472.017   456.07  440.454  425.206  410.366   395.98  382.099  368.782   356.09  344.093  332.866   322.49   313.05  304.631  297.321  291.204  286.356  282.843  280.713  280  280  280  280  280  280  280.713  282.843  286.356  291.204  297.321  304.631   313.05   322.49  332.866  344.093   356.09  368.782  382.099   395.98  \n",
      "929.731  910.824  891.964  873.155    854.4  835.703  817.068  798.499      780  761.577  743.236  724.983  706.824  688.767   670.82  652.993  635.295  617.738  600.333  583.095  566.039  549.181  532.541   516.14      500  484.149  468.615  453.431  438.634  424.264  410.366  396.989  384.187  372.022  360.555  349.857      340  331.059   323.11  316.228  310.483  305.941  302.655  300.666  300  300  300  300  300  300  300.666  302.655  305.941  310.483  316.228   323.11  331.059      340  349.857  360.555  372.022  384.187  396.989  410.366  \n",
      "936.376  917.606  898.888  880.227  861.626   843.09  824.621  806.226  787.909  769.675  751.532  733.485  715.542  697.711      680   662.42  644.981  627.694  610.574  593.633  576.888  560.357  544.059  528.015   512.25   496.79  481.664  466.905  452.548  438.634  425.206  412.311      400   388.33  377.359  367.151  357.771  349.285   341.76  335.261  329.848  325.576   322.49  320.624  320  320  320  320  320  320  320.624   322.49  325.576  329.848  335.261   341.76  349.285  357.771  367.151  377.359   388.33      400  412.311  425.206  \n",
      "943.398   924.77  906.201  887.694  869.253  850.882  832.586  814.371  796.241  778.203  760.263  742.428  724.707  707.107  689.638  672.309  655.134  638.122  621.289  604.649  588.218  572.014  556.058   540.37  524.976  509.902  495.177  480.833  466.905  453.431  440.454  428.019  416.173  404.969  394.462  384.708  375.766  367.696  360.555  354.401  349.285  345.254  342.345  340.588  340  340  340  340  340  340  340.588  342.345  345.254  349.285  354.401  360.555  367.696  375.766  384.708  394.462  404.969  416.173  428.019  440.454  \n",
      "950.789  932.309  913.893  895.545  877.268  859.069  840.952  822.922  804.984  787.147  769.415  751.798  734.302  716.938  699.714  682.642  665.733  648.999  632.456  616.117      600  584.123  568.507  553.173  538.145   523.45  509.117  495.177  481.664  468.615   456.07  444.072  432.666    421.9  411.825  402.492  393.954  386.264  379.473  373.631  368.782  364.966  362.215  360.555  360  360  360  360  360  360  360.555  362.215  364.966  368.782  373.631  379.473  386.264  393.954  402.492  411.825    421.9  432.666  444.072   456.07  \n",
      "958.541  940.213  921.954   903.77  885.664   867.64  849.706  831.865  814.125  796.492  778.974  761.577  744.312  727.186  710.211  693.397  676.757  660.303   644.05  628.013  612.209  596.657  581.378  566.392  551.725  537.401   523.45  509.902   496.79  484.149  472.017  460.435  449.444   439.09  429.418  420.476  412.311  404.969  398.497  392.938   388.33  384.708  382.099  380.526  380  380  380  380  380  380  380.526  382.099  384.708   388.33  392.938  398.497  404.969  412.311  420.476  429.418   439.09  449.444  460.435  472.017  \n",
      "966.644  948.472  930.376   912.36  894.427  876.584  858.836   841.19   823.65  806.226  788.923  771.751  754.718  737.835   721.11  704.557  688.186  672.012  656.049  640.312   624.82   609.59  594.643      580  565.685  551.725  538.145  524.976   512.25      500  488.262  477.074  466.476  456.508  447.214  438.634  430.813  423.792  417.612  412.311  407.922  404.475  401.995    400.5  400  400  400  400  400  400    400.5  401.995  404.475  407.922  412.311  417.612  423.792  430.813  438.634  447.214  456.508  466.476  477.074  488.262  \n",
      " 975.09  957.079  939.149  921.303  903.549  885.889  868.332  850.882  833.547  816.333   799.25  782.304  765.506  748.866  732.393  716.101      700  684.105  668.431  652.993  637.809  622.896  608.276   593.97      580  566.392  553.173   540.37  528.015   516.14  504.777  493.964  483.735  474.131  465.188  456.946  449.444  442.719  436.807  431.741  427.551  424.264    421.9  420.476  420  420  420  420  420  420  420.476    421.9  424.264  427.551  431.741  436.807  442.719  449.444  456.946  465.188  474.131  483.735  493.964  504.777  \n",
      " 983.87  966.023  948.262  930.591  913.017  895.545   878.18   860.93  843.801  826.801  809.938  793.221   776.66  760.263  744.043  728.011   712.18  696.563  681.175  666.033  651.153  636.553  622.254  608.276  594.643  581.378  568.507  556.058  544.059  532.541  521.536  511.077  501.199  491.935  483.322  475.395  468.188  461.736   456.07  451.221  447.214  444.072  441.814  440.454  440  440  440  440  440  440  440.454  441.814  444.072  447.214  451.221   456.07  461.736  468.188  475.395  483.322  491.935  501.199  511.077  521.536  \n",
      "992.975  975.295  957.706  940.213  922.822  905.539  888.369  871.321    854.4  837.616  820.975  804.487  788.162   772.01  756.042   740.27  724.707  709.366  694.262  679.412  664.831  650.538  636.553  622.896   609.59  596.657  584.123  572.014  560.357  549.181  538.516  528.394  518.845  509.902  501.597  493.964  487.032  480.833  475.395  470.744  466.905  463.897  461.736  460.435  460  460  460  460  460  460  460.435  461.736  463.897  466.905  470.744  475.395  480.833  487.032  493.964  501.597  509.902  518.845  528.394  538.516  \n"
     ]
    }
   ],
   "source": [
    "#PROX\n",
    "t0 = time()\n",
    "#now fill in every point with the euclidean distance (scaled by 20)\n",
    "for r in range(dims[0]):\n",
    "    for c in range(dims[1]):\n",
    "        if (r,c) not in idxs:\n",
    "            min_dist = 10000\n",
    "            for idx in idxs:\n",
    "                temp = distance.euclidean((r,c), idx) * scale\n",
    "                if temp < min_dist:\n",
    "                    min_dist = temp\n",
    "            arr[r, c] = min_dist\n",
    "        else:\n",
    "            arr[r, c] = 0\n",
    "print(f\"Time passed: {time() - t0}\")\n",
    "# print(\"Proximity\")\n",
    "matprint(arr)\n",
    "\n",
    "# #CLOSENESS = 1/(1 + prox * alpha)\n",
    "# alpha = .01\n",
    "# new_im_array = arr.astype(float)\n",
    "# new_im_array[~np.isnan(arr)] = \\\n",
    "#     1 / (1 + alpha * arr[~np.isnan(arr)])\n",
    "# new_im_array[np.isnan(arr)] = np.nan\n",
    "# new_im_array = np.round(new_im_array, 3)\n",
    "\n",
    "# print(\"closeness\")\n",
    "# matprint(new_im_array)"
   ]
  },
  {
   "cell_type": "code",
   "execution_count": 91,
   "metadata": {},
   "outputs": [],
   "source": [
    "def check_dist(feature, curr, quadrant, first):\n",
    "    #check bounds\n",
    "    if(curr[0] < 0 or curr[0] >= dims[0] or curr[1] < 0 or curr[1] >= dims[1]):\n",
    "        return 1\n",
    "\n",
    "    #find dist to curr from feature\n",
    "    d = distance.euclidean(feature, curr)\n",
    "    if d >= dists[curr] and not first:\n",
    "        return 1\n",
    "    dists[curr] = d\n",
    "    arr1[curr[0]][curr[1]] = d * 20\n",
    "    \n",
    "    \n",
    "    if quadrant == 1:\n",
    "        check_dist(feature, (curr[0], curr[1] - 1), quadrant, False)\n",
    "        check_dist(feature, (curr[0] + 1, curr[1]), quadrant, False)\n",
    "    elif quadrant == 2:\n",
    "        check_dist(feature, (curr[0], curr[1] - 1), quadrant, False)\n",
    "        check_dist(feature, (curr[0] - 1, curr[1]), quadrant, False)\n",
    "    elif quadrant == 3:\n",
    "        check_dist(feature, (curr[0], curr[1] + 1), quadrant, False)\n",
    "        check_dist(feature, (curr[0] - 1, curr[1]), quadrant, False)\n",
    "    elif quadrant == 4:\n",
    "        check_dist(feature, (curr[0], curr[1] + 1), quadrant, False)\n",
    "        check_dist(feature, (curr[0] + 1, curr[1]), quadrant, False)\n",
    "    return 0"
   ]
  },
  {
   "cell_type": "code",
   "execution_count": 92,
   "metadata": {},
   "outputs": [
    {
     "name": "stdout",
     "output_type": "stream",
     "text": [
      "Total time passed: 0.6920678615570068\n",
      "Does the answer match the brute force approach: True\n",
      "929.731  910.824  891.964  873.155    854.4  835.703  817.068  798.499      780  761.577  743.236  724.983  706.824  688.767   670.82  652.993  635.295  617.738  600.333  583.095  566.039  549.181  532.541   516.14      500  484.149  468.615  453.431  438.634  424.264  410.366  396.989  384.187  372.022  360.555  349.857      340  331.059   323.11  316.228  310.483  305.941  302.655  300.666  300  300  300  300  300  300  300.666  302.655  305.941  310.483  316.228   323.11  331.059      340  349.857  360.555  372.022  384.187  396.989  410.366  \n",
      "923.472  904.434  885.438  866.487  847.585  828.734  809.938  791.202  772.528  753.923  735.391  716.938   698.57  680.294  662.118   644.05  626.099  608.276  590.593  573.062  555.698  538.516  521.536  504.777  488.262  472.017   456.07  440.454  425.206  410.366   395.98  382.099  368.782   356.09  344.093  332.866   322.49   313.05  304.631  297.321  291.204  286.356  282.843  280.713  280  280  280  280  280  280  280.713  282.843  286.356  291.204  297.321  304.631   313.05   322.49  332.866  344.093   356.09  368.782  382.099   395.98  \n",
      "917.606  898.443  879.318  860.233   841.19  822.192  803.243  784.347  765.506  746.726  728.011  709.366  690.797  672.309  653.911   635.61  617.414  599.333  581.378   563.56  545.894  528.394  511.077  493.964  477.074  460.435  444.072  428.019  412.311  396.989  382.099  367.696  353.836  340.588  328.024  316.228  305.287  295.296  286.356  278.568  272.029  266.833  263.059  260.768  260  260  260  260  260  260  260.768  263.059  266.833  272.029  278.568  286.356  295.296  305.287  316.228  328.024  340.588  353.836  367.696  382.099  \n",
      " 912.14  892.861  873.613    854.4  835.225  816.088  796.994  777.946  758.947      740   721.11  702.282   683.52  664.831   646.22  627.694  609.262  590.931  572.713  554.617  536.656  518.845  501.199  483.735  466.476  449.444  432.666  416.173      400  384.187  368.782  353.836  339.411  325.576   312.41      300  288.444  277.849  268.328      260  252.982  247.386  243.311  240.832  240  240  240  240  240  240  240.832  243.311  247.386  252.982      260  268.328  277.849  288.444      300   312.41  325.576  339.411  353.836  368.782  \n",
      "907.083  887.694  868.332  848.999  829.699  810.432  791.202   772.01  752.861  733.757  714.703  695.701  676.757  657.875  639.062  620.322  601.664  583.095  564.624   546.26  528.015  509.902  491.935  474.131  456.508   439.09    421.9  404.969   388.33  372.022   356.09  340.588  325.576  311.127  297.321  284.253  272.029  260.768  250.599  241.661  234.094  228.035  223.607  220.907  220  220  220  220  220  220  220.907  223.607  228.035  234.094  241.661  250.599  260.768  272.029  284.253  297.321  311.127  325.576  340.588   356.09  \n",
      "902.441   882.95  863.481  844.038  824.621  805.233  785.875  766.551  747.262  728.011  708.802  689.638  670.522   651.46  632.456  613.514  594.643  575.847  557.136  538.516      520  501.597  483.322  465.188  447.214  429.418  411.825  394.462  377.359  360.555  344.093  328.024   312.41  297.321  282.843  269.072  256.125  244.131  233.238  223.607  215.407  208.806  203.961  200.998  200  200  200  200  200  200  200.998  203.961  208.806  215.407  223.607  233.238  244.131  256.125  269.072  282.843  297.321   312.41  328.024  344.093  \n",
      " 898.22  878.635  859.069  839.524      820    800.5  781.025  761.577  742.159  722.772   703.42  684.105  664.831    645.6  626.418  607.289  588.218   569.21  550.273  531.413   512.64  493.964  475.395  456.946  438.634  420.476  402.492  384.708  367.151  349.857  332.866  316.228      300  284.253  269.072  254.558  240.832  228.035  216.333  205.913  196.977  189.737  184.391  181.108  180  180  180  180  180  180  181.108  184.391  189.737  196.977  205.913  216.333  228.035  240.832  254.558  269.072  284.253      300  316.228  332.866  \n",
      "894.427  874.757  855.102  835.464  815.843  796.241   776.66    757.1  737.564  718.053   698.57  679.117  659.697  640.312  620.967  601.664  582.409  563.205  544.059  524.976  505.964  487.032  468.188  449.444  430.813  412.311  393.954  375.766  357.771      340   322.49  305.287  288.444  272.029  256.125  240.832  226.274  212.603      200   188.68  178.885   170.88  164.924  161.245  160  160  160  160  160  160  161.245  164.924   170.88  178.885   188.68      200  212.603  226.274  240.832  256.125  272.029  288.444  305.287   322.49  \n",
      "891.067  871.321  851.587  831.865  812.158  792.465  772.787  753.127  733.485  713.863  694.262  674.685  655.134   635.61  616.117  596.657  577.235  557.853  538.516   519.23      500  480.833  461.736  442.719  423.792  404.969  386.264  367.696  349.285  331.059   313.05  295.296  277.849  260.768  244.131  228.035  212.603   197.99  184.391  172.047  161.245  152.315  145.602  141.421  140  140  140  140  140  140  141.421  145.602  152.315  161.245  172.047  184.391   197.99  212.603  228.035  244.131  260.768  277.849  295.296   313.05  \n",
      "888.144  868.332  848.528  828.734   808.95  789.177  769.415  749.667  729.932  710.211  690.507   670.82  651.153  631.506  611.882  592.284  572.713  553.173  533.667  514.198  494.773  475.395   456.07  436.807  417.612  398.497  379.473  360.555   341.76   323.11  304.631  286.356  268.328  250.599  233.238  216.333      200  184.391  169.706  156.205  144.222  134.164  126.491  121.655  120  120  120  120  120  120  121.655  126.491  134.164  144.222  156.205  169.706  184.391      200  216.333  233.238  250.599  268.328  286.356  304.631  \n",
