{
 "cells": [
  {
   "cell_type": "code",
   "execution_count": 2,
   "metadata": {},
   "outputs": [],
   "source": [
    "import numpy as np\n",
    "import pandas as pd\n",
    "from scipy.spatial import distance\n",
    "from scipy.spatial import distance_matrix"
   ]
  },
  {
   "cell_type": "code",
   "execution_count": 3,
   "metadata": {},
   "outputs": [],
   "source": [
    "def matprint(mat, fmt=\"g\"):\n",
    "\n",
    "    col_maxes = [max([len((\"{:\"+fmt+\"}\").format(x)) for x in col]) for col in mat.T]\n",
    "\n",
    "    for x in mat:\n",
    "\n",
    "        for i, y in enumerate(x):\n",
    "\n",
    "            print((\"{:\"+str(col_maxes[i])+fmt+\"}\").format(y), end=\"  \")\n",
    "\n",
    "        print(\"\")"
   ]
  },
  {
   "cell_type": "code",
   "execution_count": 4,
   "metadata": {},
   "outputs": [
    {
     "name": "stdout",
     "output_type": "stream",
     "text": [
      "Points:\n",
      "134\n",
      "Rows:\n",
      "52\n",
      "Cols:\n",
      "3\n",
      "Starting IDX:\n",
      "(39, 101)\n"
     ]
    }
   ],
   "source": [
    "#messing around with auto generated closeness\n",
    "import random\n",
    "from time import time\n",
    "\n",
    "points = (120, 150)\n",
    "dims = (128, 128)\n",
    "\n",
    "#pick between 1 and 10 points of interest\n",
    "detections = random.randint(points[0], points[1])\n",
    "print(\"Points:\")\n",
    "print(detections)\n",
    "#pick random amount of rows\n",
    "rows = random.randint(1,int(detections / 2))\n",
    "#determine columns\n",
    "print(\"Rows:\")\n",
    "print(rows)\n",
    "cols = int(detections / rows)\n",
    "if detections % rows != 0:\n",
    "    cols = cols + 1\n",
    "print(\"Cols:\")\n",
    "print(cols)\n",
    "#determine indices\n",
    "#random starting index somewhere in the bounds of the layer (left top)\n",
    "start = (random.randint(1, dims[0] - rows), random.randint(1, dims[1] - cols))\n",
    "print(\"Starting IDX:\")\n",
    "print(start)\n",
    "idxs = []\n",
    "for r in range(rows):\n",
    "    for c in range(cols):\n",
    "        if detections != 0:\n",
    "            idxs.append((start[0] + r, start[1] + c))\n",
    "        detections = detections - 1\n",
    "        \n",
    "# TODO: Copy stuff, more clumps.\n",
    "\n",
    "# print(\"Indices:\")\n",
    "# print(idxs)\n",
    "# print(len(idxs))\n",
    "\n",
    "#testing how this would look in an array\n",
    "arr = np.zeros((dims[0], dims[1]))\n",
    "for idx in idxs:\n",
    "    arr[idx[0], idx[1]] = 1\n",
    "#print(\"Before Proximity\")\n",
    "#matprint(arr)\n",
    "\n",
    "#now we need to fill initial proximity values\n",
    "#euclidean distance. Each pixel is about 20x20 meters.\n",
    "#to simplify calculations I think I'll just take the average coords of the \n",
    "#detections and calculate the distance from that...\n",
    "\n",
    "centroid = [sum(idx) / len(idx) for idx in zip(*idxs)]\n",
    "\n",
    "scale = 20 #meters per pixel"
   ]
  },
  {
   "cell_type": "code",
   "execution_count": 5,
   "metadata": {},
   "outputs": [
    {
     "name": "stdout",
     "output_type": "stream",
     "text": [
      "Time passed: 37.95471811294556\n",
      "2165.36  2146.72   2128.1   2109.5  2090.93  2072.39  2053.87  2035.39  2016.93   1998.5   1980.1  1961.73   1943.4   1925.1  1906.83   1888.6   1870.4  1852.24  1834.12  1816.04     1798     1780  1762.04  1744.13  1726.27  1708.45  1690.68  1672.96  1655.29  1637.68  1620.12  1602.62  1585.18   1567.8  1550.48  1533.23  1516.05  1498.93  1481.89  1464.92  1448.03  1431.22   1414.5  1397.86   1381.3  1364.84  1348.48  1332.22  1316.05     1300  1284.06  1268.23  1252.52  1236.93  1221.47  1206.15  1190.97  1175.93  1161.03   1146.3  1131.72  1117.32  1103.09  1089.04  1075.17  1061.51  1048.05  1034.79  1021.76  1008.96  996.393  984.073  972.008  960.208  948.683  937.443  926.499   915.86  905.539  895.545  885.889  876.584   867.64  859.069  850.882   843.09  835.703  828.734  822.192  816.088  810.432  805.233    800.5  796.241  792.465  789.177  786.384  784.092  782.304  781.025  780.256  780  780  780  780.256  781.025  782.304  784.092  786.384  789.177  792.465  796.241    800.5  805.233  810.432  816.088  822.192  828.734  835.703   843.09  850.882  859.069   867.64  876.584  885.889  895.545  905.539   915.86  \n",
      "2158.24  2139.53  2120.85  2102.19  2083.55  2064.95  2046.36  2027.81  2009.28  1990.78  1972.31  1953.87  1935.46  1917.08  1898.74  1880.43  1862.15  1843.91  1825.71  1807.54  1789.41  1771.33  1753.28  1735.28  1717.32  1699.41  1681.55  1663.73  1645.96  1628.25  1610.59  1592.98  1575.44  1557.95  1540.52  1523.15  1505.86  1488.62  1471.46  1454.37  1437.36  1420.42  1403.57  1386.79  1370.11  1353.51  1337.01  1320.61   1304.3   1288.1  1272.01  1256.03  1240.16  1224.42   1208.8  1193.31  1177.96  1162.76  1147.69  1132.78  1118.03  1103.45  1089.04   1074.8  1060.75   1046.9  1033.25   1019.8  1006.58  993.579  980.816  968.297  956.033  944.034  932.309  920.869  909.725  898.888  888.369   878.18  868.332  858.836  849.706  840.952  832.586  824.621  817.068  809.938  803.243  796.994  791.202  785.875  781.025   776.66  772.787  769.415  766.551  764.199  762.365  761.052  760.263  760  760  760  760.263  761.052  762.365  764.199  766.551  769.415  772.787   776.66  781.025  785.875  791.202  796.994  803.243  809.938  817.068  824.621  832.586  840.952  849.706  858.836  868.332   878.18  888.369  898.888  \n",
      "2151.28  2132.51  2113.76  2095.04  2076.34  2057.67  2039.02   2020.4   2001.8  1983.23  1964.69  1946.18  1927.69  1909.24  1890.82  1872.43  1854.08  1835.76  1817.47  1799.22  1781.01  1762.84  1744.71  1726.62  1708.57  1690.56   1672.6  1654.69  1636.83  1619.01  1601.25  1583.54  1565.89  1548.29  1530.75  1513.27  1495.86  1478.51  1461.23  1444.02  1426.88  1409.82  1392.84  1375.94  1359.12  1342.39  1325.75   1309.2  1292.75   1276.4  1260.16  1244.03  1228.01  1212.11  1196.33  1180.68  1165.16  1149.78  1134.55  1119.46  1104.54  1089.77  1075.17  1060.75  1046.52  1032.47  1018.63  1004.99  991.564  978.366  965.401   952.68  940.213  928.009  916.079  904.434  893.085  882.043  871.321   860.93  850.882   841.19  831.865  822.922  814.371  806.226  798.499  791.202  784.347  777.946   772.01  766.551  761.577    757.1  753.127  749.667  746.726  744.312  742.428   741.08   740.27  740  740  740   740.27   741.08  742.428  744.312  746.726  749.667  753.127    757.1  761.577  766.551   772.01  777.946  784.347  791.202  798.499  806.226  814.371  822.922  831.865   841.19  850.882   860.93  871.321  882.043  \n",
      "2144.48  2125.65  2106.85  2088.06   2069.3  2050.56  2031.85  2013.16  1994.49  1975.85  1957.24  1938.66   1920.1  1901.58  1883.08  1864.62  1846.19  1827.79  1809.42  1791.09  1772.79  1754.54  1736.32  1718.14     1700   1681.9  1663.85  1645.84  1627.88  1609.97  1592.11  1574.29  1556.53  1538.83  1521.18   1503.6  1486.07   1468.6  1451.21  1433.88  1416.62  1399.43  1382.32  1365.28  1348.33  1331.47  1314.69     1298  1281.41  1264.91  1248.52  1232.23  1216.06     1200  1184.06  1168.25  1152.56  1137.01  1121.61  1106.35  1091.24  1076.29  1061.51   1046.9  1032.47  1018.23  1004.19  990.353  976.729  963.328  950.158   937.23  924.554   912.14      900  888.144  876.584  865.332    854.4  843.801  833.547   823.65  814.125  804.984  796.241  787.909      780  772.528  765.506  758.947  752.861  747.262  742.159  737.564  733.485  729.932  726.911  724.431  722.496   721.11  720.278  720  720  720  720.278   721.11  722.496  724.431  726.911  729.932  733.485  737.564  742.159  747.262  752.861  758.947  765.506  772.528      780  787.909  796.241  804.984  814.125   823.65  833.547  843.801    854.4  865.332  \n",
      "2137.85  2118.96   2100.1  2081.25  2062.43  2043.62  2024.85  2006.09  1987.36  1968.65  1949.97  1931.32  1912.69   1894.1  1875.53  1856.99  1838.48     1820  1801.55  1783.14  1764.77  1746.42  1728.12  1709.85  1691.63  1673.44  1655.29  1637.19  1619.14  1601.12  1583.16  1565.25  1547.38  1529.58  1511.82  1494.12  1476.48   1458.9  1441.39  1423.94  1406.56  1389.24  1372.01  1354.84  1337.76  1320.76  1303.84  1287.01  1270.28  1253.63  1237.09  1220.66  1204.33  1188.11  1172.01  1156.03  1140.18  1124.46  1108.87  1093.43  1078.15  1063.01  1048.05  1033.25  1018.63  1004.19  989.949   975.91  962.081  948.472  935.094  921.954  909.065  896.437  884.081  872.009  860.233  848.764  837.616  826.801  816.333  806.226  796.492  787.147  778.203  769.675  761.577  753.923  746.726      740  733.757  728.011  722.772  718.053  713.863  710.211  707.107  704.557  702.567  701.142  700.286  700  700  700  700.286  701.142  702.567  704.557  707.107  710.211  713.863  718.053  722.772  728.011  733.757      740  746.726  753.923  761.577  769.675  778.203  787.147  796.492  806.226  816.333  826.801  837.616  848.764  \n",
      "2131.38  2112.44  2093.51  2074.61  2055.72  2036.86  2018.02   1999.2   1980.4  1961.63  1942.88  1924.16  1905.47   1886.8  1868.15  1849.54  1830.96   1812.4  1793.88  1775.39  1756.93  1738.51  1720.12  1701.76  1683.45  1665.17  1646.94  1628.74  1610.59  1592.48  1574.42  1556.41  1538.44  1520.53  1502.66  1484.86  1467.11  1449.41  1431.78  1414.21  1396.71  1379.28  1361.91  1344.62   1327.4  1310.27  1293.21  1276.24  1259.36  1242.58  1225.89   1209.3  1192.81  1176.44  1160.17  1144.03  1128.01  1112.12  1096.36  1080.74  1065.27  1049.95  1034.79   1019.8  1004.99  990.353   975.91  961.665  947.629  933.809  920.217  906.863  893.756  880.909  868.332  856.037  844.038  832.346  820.975  809.938   799.25  788.923  778.974  769.415  760.263  751.532  743.236  735.391  728.011   721.11  714.703  708.802   703.42   698.57  694.262  690.507  687.314   684.69  682.642  681.175  680.294  680  680  680  680.294  681.175  682.642   684.69  687.314  690.507  694.262   698.57   703.42  708.802  714.703   721.11  728.011  735.391  743.236  751.532  760.263  769.415  778.974  788.923   799.25  809.938  820.975  832.346  \n",
      "2125.09  2106.09   2087.1  2068.14  2049.19  2030.27  2011.37  1992.49  1973.63  1954.79  1935.98  1917.19  1898.42  1879.68  1860.97  1842.28  1823.62  1804.99  1786.39  1767.82  1749.29  1730.78  1712.31  1693.87  1675.47  1657.11  1638.78  1620.49  1602.25  1584.05  1565.89  1547.77  1529.71  1511.69  1493.72   1475.8  1457.94  1440.14  1422.39  1404.71  1387.08  1369.53  1352.04  1334.62  1317.27     1300  1282.81   1265.7  1248.68  1231.75  1214.91  1198.17  1181.52  1164.99  1148.56  1132.25  1116.06     1100  1084.07  1068.27  1052.62  1037.11  1021.76  1006.58  991.564  976.729  962.081  947.629  933.381  919.348  905.539  891.964  878.635  865.563   852.76  840.238   828.01  816.088  804.487  793.221  782.304  771.751  761.577  751.798  742.428  733.485  724.983  716.938  709.366  702.282  695.701  689.638  684.105  679.117  674.685   670.82  667.533  664.831  662.722  661.211  660.303  660  660  660  660.303  661.211  662.722  664.831  667.533   670.82  674.685  679.117  684.105  689.638  695.701  702.282  709.366  716.938  724.983  733.485  742.428  751.798  761.577  771.751  782.304  793.221  804.487  816.088  \n",
      "2118.96   2099.9  2080.87  2061.84  2042.84  2023.86  2004.89  1985.95  1967.03  1948.13  1929.25  1910.39  1891.56  1872.75  1853.97  1835.21  1816.48  1797.78   1779.1  1760.45  1741.84  1723.25   1704.7  1686.18  1667.69  1649.24  1630.83  1612.45  1594.11  1575.82  1557.56  1539.35  1521.18  1503.06  1484.99  1466.97     1449  1431.08  1413.22  1395.42  1377.68     1360  1342.39  1324.84  1307.36  1289.96  1272.64  1255.39  1238.22  1221.15  1204.16  1187.27  1170.47  1153.78  1137.19  1120.71  1104.36  1088.12  1072.01  1056.03  1040.19   1024.5  1008.96  993.579  978.366  963.328  948.472  933.809  919.348  905.097  891.067  877.268  863.713  850.412  837.377  824.621  812.158      800  788.162   776.66  765.506  754.718  744.312  734.302  724.707  715.542  706.824   698.57  690.797   683.52  676.757  670.522  664.831  659.697  655.134  651.153  647.765  644.981  642.806  641.249  640.312  640  640  640  640.312  641.249  642.806  644.981  647.765  651.153  655.134  659.697  664.831  670.522  676.757   683.52  690.797   698.57  706.824  715.542  724.707  734.302  744.312  754.718  765.506   776.66  788.162      800  \n",
      "2113.01   2093.9   2074.8  2055.72  2036.66  2017.62   1998.6   1979.6  1960.61  1941.65  1922.71  1903.79  1884.89  1866.01  1847.16  1828.33  1809.53  1790.75     1772  1753.28  1734.59  1715.93  1697.29  1678.69  1660.12  1641.58  1623.08  1604.62  1586.19   1567.8  1549.45  1531.14  1512.88  1494.66  1476.48  1458.36  1440.28  1422.25  1404.28  1386.36   1368.5   1350.7  1332.97  1315.29  1297.69  1280.16   1262.7  1245.31  1228.01  1210.78  1193.65  1176.61  1159.66   1142.8  1126.06  1109.41  1092.89  1076.48  1060.19  1044.03  1028.01  1012.13  996.393  980.816  965.401  950.158  935.094  920.217  905.539  891.067  876.812  862.786  848.999  835.464  822.192  809.197  796.492  784.092   772.01  760.263  748.866  737.835  727.186  716.938  707.107  697.711  688.767  680.294  672.309  664.831  657.875   651.46    645.6  640.312   635.61  631.506  628.013   625.14  622.896  621.289  620.322  620  620  620  620.322  621.289  622.896   625.14  628.013  631.506   635.61  640.312    645.6   651.46  657.875  664.831  672.309  680.294  688.767  697.711  707.107  716.938  727.186  737.835  748.866  760.263   772.01  784.092  \n",
      "2107.23  2088.06  2068.91  2049.78  2030.66  2011.57  1992.49  1973.42  1954.38  1935.36  1916.35  1897.37   1878.4  1859.46  1840.54  1821.65  1802.78  1783.93  1765.11  1746.31  1727.54   1708.8  1690.09  1671.41  1652.76  1634.14  1615.55     1597  1578.48     1560  1541.56  1523.15  1504.79  1486.47   1468.2  1449.97  1431.78  1413.65  1395.56  1377.53  1359.56  1341.64  1323.78  1305.99  1288.25  1270.59     1253  1235.48  1218.03  1200.67  1183.38  1166.19  1149.09  1132.08  1115.17  1098.36  1081.67  1065.08  1048.62  1032.28  1016.07     1000  984.073  968.297   952.68   937.23  921.954  906.863  891.964  877.268  862.786  848.528  834.506  820.731  807.217  793.977  781.025  768.375  756.042  744.043  732.393   721.11  710.211  699.714  689.638      680   670.82  662.118  653.911   646.22  639.062  632.456  626.418  620.967  616.117  611.882  608.276   605.31  602.993  601.332  600.333  600  600  600  600.333  601.332  602.993   605.31  608.276  611.882  616.117  620.967  626.418  632.456  639.062   646.22  653.911  662.118   670.82      680  689.638  699.714  710.211   721.11  732.393  744.043  756.042  768.375  \n",
      "2101.62   2082.4   2063.2  2044.02  2024.85  2005.69  1986.55  1967.43  1948.33  1929.25  1910.18  1891.14  1872.11  1853.11  1834.12  1815.16  1796.22   1777.3  1758.41  1739.54   1720.7  1701.88  1683.09  1664.33   1645.6   1626.9  1608.23  1589.59  1570.99  1552.42  1533.88  1515.39  1496.93  1478.51  1460.14   1441.8  1423.52  1405.28  1387.08  1368.94  1350.85  1332.82  1314.84  1296.92  1279.06  1261.27  1243.54  1225.89   1208.3   1190.8  1173.37  1156.03  1138.77  1121.61  1104.54  1087.57   1070.7  1053.94   1037.3  1020.78  1004.39   988.13  972.008  956.033  940.213  924.554  909.065  893.756  878.635  863.713  848.999  834.506  820.244  806.226  792.465  778.974  765.768  752.861   740.27  728.011  716.101  704.557  693.397  682.642  672.309   662.42  652.993   644.05   635.61  627.694  620.322  613.514  607.289  601.664  596.657  592.284  588.558  585.491  583.095  581.378  580.345  580  580  580  580.345  581.378  583.095  585.491  588.558  592.284  596.657  601.664  607.289  613.514  620.322  627.694   635.61   644.05  652.993   662.42  672.309  682.642  693.397  704.557  716.101  728.011   740.27  752.861  \n",
      "2096.19  2076.92  2057.67  2038.43  2019.21     2000  1980.81  1961.63  1942.47  1923.33  1904.21   1885.1  1866.01  1846.94  1827.89  1808.87  1789.86  1770.88  1751.91  1732.97  1714.06  1695.17  1676.31  1657.47  1638.66  1619.88  1601.12   1582.4  1563.71  1545.06  1526.43  1507.85   1489.3  1470.78  1452.31  1433.88  1415.49  1397.14  1378.84  1360.59  1342.39  1324.24  1306.14   1288.1  1270.12   1252.2  1234.34  1216.55  1198.83  1181.19  1163.62  1146.12  1128.72   1111.4  1094.17  1077.03     1060  1043.07  1026.26  1009.55  992.975  976.524  960.208  944.034  928.009   912.14  896.437  880.909  865.563  850.412  835.464  820.731  806.226   791.96  777.946  764.199  750.733  737.564  724.707   712.18      700  688.186  676.757  665.733  655.134  644.981  635.295  626.099  617.414  609.262  601.664  594.643  588.218  582.409  577.235  572.713  568.859  565.685  563.205  561.427  560.357  560  560  560  560.357  561.427  563.205  565.685  568.859  572.713  577.235  582.409  588.218  594.643  601.664  609.262  617.414  626.099  635.295  644.981  655.134  665.733  676.757  688.186      700   712.18  724.707  737.564  \n",
      "2090.93  2071.62  2052.32  2033.03  2013.75  1994.49  1975.25  1956.02   1936.8   1917.6  1898.42  1879.26  1860.11  1840.98  1821.87  1802.78   1783.7  1764.65  1745.62  1726.62  1707.63  1688.67  1669.73  1650.82  1631.93  1613.07  1594.24  1575.44  1556.66  1537.92  1519.21  1500.53  1481.89  1463.28  1444.71  1426.18  1407.69  1389.24  1370.84  1352.48  1334.17   1315.9  1297.69  1279.53  1261.43  1243.38   1225.4  1207.48  1189.62  1171.84  1154.12  1136.49  1118.93  1101.45  1084.07  1066.77  1049.57  1032.47  1015.48  998.599  981.835  965.194  948.683  932.309  916.079      900  884.081  868.332   852.76  837.377  822.192  807.217  792.465  777.946  763.675  749.667  735.935  722.496  709.366  696.563  684.105  672.012  660.303  648.999  638.122  627.694  617.738  608.276  599.333  590.931  583.095  575.847   569.21  563.205  557.853  553.173  549.181  545.894  543.323  541.479   540.37  540  540  540   540.37  541.479  543.323  545.894  549.181  553.173  557.853  563.205   569.21  575.847  583.095  590.931  599.333  608.276  617.738  627.694  638.122  648.999  660.303  672.012  684.105  696.563  709.366  722.496  \n",
      "2085.86  2066.49  2047.14  2027.81  2008.48  1989.17  1969.87  1950.59  1931.32  1912.07  1892.83  1873.61   1854.4  1835.21  1816.04  1796.89  1777.75  1758.64  1739.54  1720.47  1701.41  1682.38  1663.37  1644.38  1625.42  1606.49  1587.58  1568.69  1549.84  1531.01  1512.22  1493.45  1474.72  1456.02  1437.36  1418.73  1400.14  1381.59  1363.08  1344.62   1326.2  1307.82   1289.5  1271.22     1253  1234.83  1216.72  1198.67  1180.68  1162.76   1144.9  1127.12  1109.41  1091.79  1074.24  1056.79  1039.42  1022.15  1004.99  987.927  970.979  954.149  937.443  920.869  904.434  888.144  872.009  856.037  840.238  824.621  809.197  793.977  778.974  764.199  749.667  735.391  721.388  707.672  694.262  681.175  668.431  656.049   644.05  632.456  621.289  610.574  600.333  590.593  581.378  572.713  564.624  557.136  550.273  544.059  538.516  533.667  529.528  526.118   523.45  521.536  520.384  520  520  520  520.384  521.536   523.45  526.118  529.528  533.667  538.516  544.059  550.273  557.136  564.624  572.713  581.378  590.593  600.333  610.574  621.289  632.456   644.05  656.049  668.431  681.175  694.262  707.672  \n",
      "2080.96  2061.55  2042.16  2022.77   2003.4  1984.04  1964.69  1945.35  1926.03  1906.72  1887.43  1868.15  1848.89  1829.64  1810.41   1791.2     1772  1752.83  1733.67  1714.53  1695.41  1676.31  1657.23  1638.17  1619.14  1600.12  1581.14  1562.18  1543.24  1524.34  1505.46  1486.61  1467.79     1449  1430.24  1411.52  1392.84  1374.19  1355.58  1337.01  1318.48     1300  1281.56  1263.17  1244.83  1226.54   1208.3  1190.13  1172.01  1153.95  1135.96  1118.03  1100.18   1082.4  1064.71  1047.09  1029.56  1012.13  994.786  977.548  960.417  943.398  926.499  909.725  893.085  876.584  860.233  844.038   828.01  812.158  796.492  781.025  765.768  750.733  735.935  721.388  707.107  693.109  679.412  666.033  652.993  640.312  628.013  616.117  604.649  593.633  583.095  573.062   563.56  554.617   546.26  538.516  531.413  524.976   519.23  514.198  509.902   506.36  503.587  501.597    500.4  500  500  500    500.4  501.597  503.587   506.36  509.902  514.198   519.23  524.976  531.413  538.516   546.26  554.617   563.56  573.062  583.095  593.633  604.649  616.117  628.013  640.312  652.993  666.033  679.412  693.109  \n",
      "2076.25  2056.79  2037.35  2017.92   1998.5  1979.09  1959.69  1940.31  1920.94  1901.58  1882.23   1862.9  1843.58  1824.28  1804.99  1785.72  1766.47  1747.23     1728   1708.8  1689.62  1670.45   1651.3  1632.18  1613.07  1593.99  1574.93  1555.89  1536.88  1517.89  1498.93     1480   1461.1  1442.22  1423.38  1404.56  1385.78  1367.04  1348.33  1329.66  1311.03  1292.44  1273.89  1255.39  1236.93  1218.52  1200.17  1181.86  1163.62  1145.43   1127.3  1109.23  1091.24  1073.31  1055.46  1037.69     1020   1002.4  984.886  967.471  950.158  932.952   915.86  898.888  882.043  865.332  848.764  832.346  816.088      800  784.092  768.375  752.861  737.564  722.496  707.672  693.109  678.823  664.831  651.153  637.809   624.82  612.209      600  588.218  576.888  566.039  555.698  545.894  536.656  528.015      520   512.64  505.964      500  494.773  490.306  486.621  483.735  481.664  480.416  480  480  480  480.416  481.664  483.735  486.621  490.306  494.773      500  505.964   512.64      520  528.015  536.656  545.894  555.698  566.039  576.888  588.218      600  612.209   624.82  637.809  651.153  664.831  678.823  \n",
      "2071.71  2052.22  2032.73  2013.26  1993.79  1974.34  1954.89  1935.46  1916.04  1896.63  1877.23  1857.85  1838.48  1819.12  1799.78  1780.45  1761.14  1741.84  1722.56  1703.29  1684.04  1664.81   1645.6  1626.41  1607.23  1588.08  1568.95  1549.84  1530.75  1511.69  1492.65  1473.63  1454.65  1435.69  1416.76  1397.86  1378.99  1360.15  1341.34  1322.57  1303.84  1285.15  1266.49  1247.88  1229.31  1210.78  1192.31  1173.88  1155.51  1137.19  1118.93  1100.73  1082.59  1064.52  1046.52  1028.59  1010.74  992.975  975.295  957.706  940.213  922.822  905.539  888.369  871.321    854.4  837.616  820.975  804.487  788.162   772.01  756.042   740.27  724.707  709.366  694.262  679.412  664.831  650.538  636.553  622.896   609.59  596.657  584.123  572.014  560.357  549.181  538.516  528.394  518.845  509.902  501.597  493.964  487.032  480.833  475.395  470.744  466.905  463.897  461.736  460.435  460  460  460  460.435  461.736  463.897  466.905  470.744  475.395  480.833  487.032  493.964  501.597  509.902  518.845  528.394  538.516  549.181  560.357  572.014  584.123  596.657   609.59  622.896  636.553  650.538  664.831  \n",
      "2067.37  2047.83   2028.3  2008.78  1989.27  1969.77  1950.28   1930.8  1911.33  1891.88  1872.43     1853  1833.58  1814.17  1794.77  1775.39  1756.02  1736.66  1717.32     1698  1678.69   1659.4  1640.12  1620.86  1601.62   1582.4   1563.2  1544.02  1524.86  1505.72  1486.61  1467.51  1448.45  1429.41  1410.39   1391.4  1372.44  1353.51  1334.62  1315.75  1296.92  1278.12  1259.36  1240.64  1221.97  1203.33  1184.74  1166.19  1147.69  1129.25  1110.86  1092.52  1074.24  1056.03  1037.88   1019.8   1001.8   983.87  966.023  948.262  930.591  913.017  895.545   878.18   860.93  843.801  826.801  809.938  793.221   776.66  760.263  744.043  728.011   712.18  696.563  681.175  666.033  651.153  636.553  622.254  608.276  594.643  581.378  568.507  556.058  544.059  532.541  521.536  511.077  501.199  491.935  483.322  475.395  468.188  461.736   456.07  451.221  447.214  444.072  441.814  440.454  440  440  440  440.454  441.814  444.072  447.214  451.221   456.07  461.736  468.188  475.395  483.322  491.935  501.199  511.077  521.536  532.541  544.059  556.058  568.507  581.378  594.643  608.276  622.254  636.553  651.153  \n",
      " 2063.2  2043.62  2024.06  2004.49  1984.94   1965.4  1945.87  1926.34  1906.83  1887.33  1867.83  1848.35  1828.88  1809.42  1789.97  1770.54  1751.11   1731.7  1712.31  1692.93  1673.56  1654.21  1634.87  1615.55  1596.25  1576.96  1557.69  1538.44  1519.21     1500  1480.81  1461.64   1442.5  1423.38  1404.28  1385.21  1366.16  1347.15  1328.16   1309.2  1290.27  1271.38  1252.52  1233.69  1214.91  1196.16  1177.45  1158.79  1140.18  1121.61  1103.09  1084.62  1066.21  1047.85  1029.56  1011.34  993.177   975.09  957.079  939.149  921.303  903.549  885.889  868.332  850.882  833.547  816.333   799.25  782.304  765.506  748.866  732.393  716.101      700  684.105  668.431  652.993  637.809  622.896  608.276   593.97      580  566.392  553.173   540.37  528.015   516.14  504.777  493.964  483.735  474.131  465.188  456.946  449.444  442.719  436.807  431.741  427.551  424.264    421.9  420.476  420  420  420  420.476    421.9  424.264  427.551  431.741  436.807  442.719  449.444  456.946  465.188  474.131  483.735  493.964  504.777   516.14  528.015   540.37  553.173  566.392      580   593.97  608.276  622.896  637.809  \n",
      "2059.22  2039.61     2020   2000.4  1980.81  1961.22  1941.65  1922.08  1902.52  1882.98  1863.44  1843.91  1824.39  1804.88  1785.39   1765.9  1746.42  1726.96  1707.51  1688.08  1668.65  1649.24  1629.85  1610.47   1591.1  1571.75  1552.42   1533.1   1513.8  1494.52  1475.26  1456.02   1436.8   1417.6  1398.43  1379.28  1360.15  1341.04  1321.97  1302.92   1283.9  1264.91  1245.95  1227.03  1208.14  1189.29  1170.47  1151.69  1132.96  1114.27  1095.63  1077.03  1058.49     1040  1021.57  1003.19  984.886  966.644  948.472  930.376   912.36  894.427  876.584  858.836   841.19   823.65  806.226  788.923  771.751  754.718  737.835   721.11  704.557  688.186  672.012  656.049  640.312   624.82   609.59  594.643      580  565.685  551.725  538.145  524.976   512.25      500  488.262  477.074  466.476  456.508  447.214  438.634  430.813  423.792  417.612  412.311  407.922  404.475  401.995    400.5  400  400  400    400.5  401.995  404.475  407.922  412.311  417.612  423.792  430.813  438.634  447.214  456.508  466.476  477.074  488.262      500   512.25  524.976  538.145  551.725  565.685      580  594.643   609.59   624.82  \n",
      "2055.43  2035.78  2016.13   1996.5  1976.87  1957.24  1937.63  1918.02  1898.42  1878.83  1859.25  1839.67  1820.11  1800.56  1781.01  1761.48  1741.95  1722.44  1702.94  1683.45  1663.97  1644.51  1625.05  1605.62  1586.19  1566.78  1547.38  1528.01  1508.64   1489.3  1469.97  1450.66  1431.36  1412.09  1392.84  1373.61   1354.4  1335.22  1316.05  1296.92  1277.81  1258.73  1239.68  1220.66  1201.67  1182.71  1163.79   1144.9  1126.06  1107.25  1088.49  1069.77  1051.09  1032.47   1013.9  995.389  976.934  958.541  940.213  921.954   903.77  885.664   867.64  849.706  831.865  814.125  796.492  778.974  761.577  744.312  727.186  710.211  693.397  676.757  660.303   644.05  628.013  612.209  596.657  581.378  566.392  551.725  537.401   523.45  509.902   496.79  484.149  472.017  460.435  449.444   439.09  429.418  420.476  412.311  404.969  398.497  392.938   388.33  384.708  382.099  380.526  380  380  380  380.526  382.099  384.708   388.33  392.938  398.497  404.969  412.311  420.476  429.418   439.09  449.444  460.435  472.017  484.149   496.79  509.902   523.45  537.401  551.725  566.392  581.378  596.657  612.209  \n",
      "2051.83  2032.14  2012.46  1992.79  1973.12  1953.46   1933.8  1914.16  1894.52  1874.89  1855.26  1835.65  1816.04  1796.44  1776.85  1757.27   1737.7  1718.14  1698.59  1679.05  1659.52     1640  1620.49     1601  1581.52  1562.05   1542.6  1523.15  1503.73  1484.32  1464.92  1445.54  1426.18  1406.84  1387.52  1368.21  1348.93  1329.66  1310.42   1291.2  1272.01  1252.84  1233.69  1214.58  1195.49  1176.44  1157.41  1138.42  1119.46  1100.55  1081.67  1062.83  1044.03  1025.28  1006.58  987.927   969.33  950.789  932.309  913.893  895.545  877.268  859.069  840.952  822.922  804.984  787.147  769.415  751.798  734.302  716.938  699.714  682.642  665.733  648.999  632.456  616.117      600  584.123  568.507  553.173  538.145   523.45  509.117  495.177  481.664  468.615   456.07  444.072  432.666    421.9  411.825  402.492  393.954  386.264  379.473  373.631  368.782  364.966  362.215  360.555  360  360  360  360.555  362.215  364.966  368.782  373.631  379.473  386.264  393.954  402.492  411.825    421.9  432.666  444.072   456.07  468.615  481.664  495.177  509.117   523.45  538.145  553.173  568.507  584.123      600  \n"
     ]
    },
    {
     "name": "stdout",
     "output_type": "stream",
     "text": [
      "2048.41  2028.69  2008.98  1989.27  1969.57  1949.87  1930.18   1910.5  1890.82  1871.15  1851.49  1831.83  1812.18  1792.54  1772.91  1753.28  1733.67  1714.06  1694.46  1674.87  1655.29  1635.73  1616.17  1596.62  1577.09  1557.56  1538.05  1518.55  1499.07  1479.59  1460.14  1440.69  1421.27  1401.86  1382.46  1363.08  1343.73  1324.39  1305.07  1285.77  1266.49  1247.24  1228.01   1208.8  1189.62  1170.47  1151.35  1132.25  1113.19  1094.17  1075.17  1056.22   1037.3  1018.43    999.6  980.816  962.081  943.398   924.77  906.201  887.694  869.253  850.882  832.586  814.371  796.241  778.203  760.263  742.428  724.707  707.107  689.638  672.309  655.134  638.122  621.289  604.649  588.218  572.014  556.058   540.37  524.976  509.902  495.177  480.833  466.905  453.431  440.454  428.019  416.173  404.969  394.462  384.708  375.766  367.696  360.555  354.401  349.285  345.254  342.345  340.588  340  340  340  340.588  342.345  345.254  349.285  354.401  360.555  367.696  375.766  384.708  394.462  404.969  416.173  428.019  440.454  453.431  466.905  480.833  495.177  509.902  524.976   540.37  556.058  572.014  588.218  \n",
      "2045.19  2025.44  2005.69  1985.95  1966.21  1946.48  1926.76  1907.04  1887.33  1867.62  1847.92  1828.22  1808.54  1788.85  1769.18  1749.51  1729.86   1710.2  1690.56  1670.93   1651.3  1631.69  1612.08  1592.48   1572.9  1553.32  1533.75   1514.2  1494.66  1475.13  1455.61  1436.11  1416.62  1397.14  1377.68  1358.23  1338.81  1319.39     1300  1280.62  1261.27  1241.93  1222.62  1203.33  1184.06  1164.82   1145.6  1126.41  1107.25  1088.12  1069.02  1049.95  1030.92  1011.93  992.975  974.064  955.196  936.376  917.606  898.888  880.227  861.626   843.09  824.621  806.226  787.909  769.675  751.532  733.485  715.542  697.711      680   662.42  644.981  627.694  610.574  593.633  576.888  560.357  544.059  528.015   512.25   496.79  481.664  466.905  452.548  438.634  425.206  412.311      400   388.33  377.359  367.151  357.771  349.285   341.76  335.261  329.848  325.576   322.49  320.624  320  320  320  320.624   322.49  325.576  329.848  335.261   341.76  349.285  357.771  367.151  377.359   388.33      400  412.311  425.206  438.634  452.548  466.905  481.664   496.79   512.25  528.015  544.059  560.357  576.888  \n",
      "2042.16  2022.37   2002.6  1982.83  1963.06   1943.3  1923.54  1903.79  1884.04   1864.3  1844.56  1824.83   1805.1  1785.39  1765.67  1745.97  1726.27  1706.58  1686.89  1667.21  1647.54  1627.88  1608.23  1588.58  1568.95  1549.32  1529.71   1510.1   1490.5  1470.92  1451.34  1431.78  1412.23   1392.7  1373.17  1353.66  1334.17  1314.69  1295.22  1275.77  1256.34  1236.93  1217.54  1198.17  1178.81  1159.48  1140.18  1120.89  1101.64   1082.4   1063.2  1044.03  1024.89  1005.78  986.712  967.678  948.683  929.731  910.824  891.964  873.155    854.4  835.703  817.068  798.499      780  761.577  743.236  724.983  706.824  688.767   670.82  652.993  635.295  617.738  600.333  583.095  566.039  549.181  532.541   516.14      500  484.149  468.615  453.431  438.634  424.264  410.366  396.989  384.187  372.022  360.555  349.857      340  331.059   323.11  316.228  310.483  305.941  302.655  300.666  300  300  300  300.666  302.655  305.941  310.483  316.228   323.11  331.059      340  349.857  360.555  372.022  384.187  396.989  410.366  424.264  438.634  453.431  468.615  484.149      500   516.14  532.541  549.181  566.039  \n",
      "2039.31   2019.5   1999.7   1979.9   1960.1  1940.31  1920.52  1900.74  1880.96  1861.18  1841.41  1821.65  1801.89  1782.13  1762.38  1742.64   1722.9  1703.17  1683.45  1663.73  1644.02  1624.32  1604.62  1584.93  1565.25  1545.57  1525.91  1506.25  1486.61  1466.97  1447.34  1427.73  1408.12  1388.52  1368.94  1349.37  1329.81  1310.27  1290.74  1271.22  1251.72  1232.23  1212.77  1193.31  1173.88  1154.47  1135.08  1115.71  1096.36  1077.03  1057.73  1038.46  1019.22     1000  980.816  961.665   942.55  923.472  904.434  885.438  866.487  847.585  828.734  809.938  791.202  772.528  753.923  735.391  716.938   698.57  680.294  662.118   644.05  626.099  608.276  590.593  573.062  555.698  538.516  521.536  504.777  488.262  472.017   456.07  440.454  425.206  410.366   395.98  382.099  368.782   356.09  344.093  332.866   322.49   313.05  304.631  297.321  291.204  286.356  282.843  280.713  280  280  280  280.713  282.843  286.356  291.204  297.321  304.631   313.05   322.49  332.866  344.093   356.09  368.782  382.099   395.98  410.366  425.206  440.454   456.07  472.017  488.262  504.777  521.536  538.516  555.698  \n",
      "2036.66  2016.83     1997  1977.17  1957.35  1937.52  1917.71  1897.89  1878.08  1858.28  1838.48  1818.68  1798.89   1779.1  1759.32  1739.54  1719.77     1700  1680.24  1660.48  1640.73  1620.99  1601.25  1581.52  1561.79  1542.08  1522.37  1502.66  1482.97  1463.28  1443.61  1423.94  1404.28  1384.63  1364.99  1345.36  1325.75  1306.14  1286.55  1266.96   1247.4  1227.84   1208.3  1188.78  1169.27  1149.78  1130.31  1110.86  1091.42  1072.01  1052.62  1033.25   1013.9  994.585  975.295  956.033  936.803  917.606  898.443  879.318  860.233   841.19  822.192  803.243  784.347  765.506  746.726  728.011  709.366  690.797  672.309  653.911   635.61  617.414  599.333  581.378   563.56  545.894  528.394  511.077  493.964  477.074  460.435  444.072  428.019  412.311  396.989  382.099  367.696  353.836  340.588  328.024  316.228  305.287  295.296  286.356  278.568  272.029  266.833  263.059  260.768  260  260  260  260.768  263.059  266.833  272.029  278.568  286.356  295.296  305.287  316.228  328.024  340.588  353.836  367.696  382.099  396.989  412.311  428.019  444.072  460.435  477.074  493.964  511.077  528.394  545.894  \n",
      "2034.21  2014.35  1994.49  1974.64  1954.79  1934.94   1915.1  1895.26  1875.42  1855.59  1835.76  1815.93  1796.11  1776.29  1756.47  1736.66  1716.86  1697.06  1677.26  1657.47  1637.68   1617.9  1598.12  1578.35  1558.59  1538.83  1519.08  1499.33  1479.59  1459.86  1440.14  1420.42  1400.71  1381.01  1361.32  1341.64  1321.97  1302.31  1282.65  1263.01  1243.38  1223.76  1204.16  1184.57  1164.99  1145.43  1125.88  1106.35  1086.83  1067.33  1047.85   1028.4  1008.96  989.545  970.155  950.789   931.45   912.14  892.861  873.613    854.4  835.225  816.088  796.994  777.946  758.947      740   721.11  702.282   683.52  664.831   646.22  627.694  609.262  590.931  572.713  554.617  536.656  518.845  501.199  483.735  466.476  449.444  432.666  416.173      400  384.187  368.782  353.836  339.411  325.576   312.41      300  288.444  277.849  268.328      260  252.982  247.386  243.311  240.832  240  240  240  240.832  243.311  247.386  252.982      260  268.328  277.849  288.444      300   312.41  325.576  339.411  353.836  368.782  384.187      400  416.173  432.666  449.444  466.476  483.735  501.199  518.845  536.656  \n",
      "2031.94  2012.06  1992.18  1972.31  1952.43  1932.56  1912.69  1892.83  1872.97  1853.11  1833.25  1813.39  1793.54   1773.7  1753.85  1734.01  1714.18  1694.34  1674.51  1654.69  1634.87  1615.05  1595.24  1575.44  1555.63  1535.84  1516.05  1496.26  1476.48  1456.71  1436.94  1417.18  1397.43  1377.68  1357.94  1338.21  1318.48  1298.77  1279.06  1259.36  1239.68     1220  1200.33  1180.68  1161.03   1141.4  1121.78  1102.18  1082.59  1063.01  1043.46  1023.91  1004.39  984.886  965.401  945.939  926.499  907.083  887.694  868.332  848.999  829.699  810.432  791.202   772.01  752.861  733.757  714.703  695.701  676.757  657.875  639.062  620.322  601.664  583.095  564.624   546.26  528.015  509.902  491.935  474.131  456.508   439.09    421.9  404.969   388.33  372.022   356.09  340.588  325.576  311.127  297.321  284.253  272.029  260.768  250.599  241.661  234.094  228.035  223.607  220.907  220  220  220  220.907  223.607  228.035  234.094  241.661  250.599  260.768  272.029  284.253  297.321  311.127  325.576  340.588   356.09  372.022   388.33  404.969    421.9   439.09  456.508  474.131  491.935  509.902  528.015  \n",
      "2029.88  2009.98  1990.08  1970.18  1950.28  1930.39   1910.5  1890.61  1870.72  1850.84  1830.96  1811.08   1791.2  1771.33  1751.46  1731.59  1711.72  1691.86     1672  1652.15   1632.3  1612.45  1592.61  1572.77  1552.93   1533.1  1513.27  1493.45  1473.63  1453.82  1434.02  1414.21  1394.42  1374.63  1354.84  1335.07  1315.29  1295.53  1275.77  1256.03  1236.28  1216.55  1196.83  1177.12  1157.41  1137.72  1118.03  1098.36   1078.7  1059.06  1039.42   1019.8   1000.2  980.612  961.041  941.488  921.954  902.441   882.95  863.481  844.038  824.621  805.233  785.875  766.551  747.262  728.011  708.802  689.638  670.522   651.46  632.456  613.514  594.643  575.847  557.136  538.516      520  501.597  483.322  465.188  447.214  429.418  411.825  394.462  377.359  360.555  344.093  328.024   312.41  297.321  282.843  269.072  256.125  244.131  233.238  223.607  215.407  208.806  203.961  200.998  200  200  200  200.998  203.961  208.806  215.407  223.607  233.238  244.131  256.125  269.072  282.843  297.321   312.41  328.024  344.093  360.555  377.359  394.462  411.825  429.418  447.214  465.188  483.322  501.597      520  \n",
      "   2028  2008.08  1988.16  1968.25  1948.33  1928.42  1908.51   1888.6  1868.69  1848.78  1828.88  1808.98  1789.08  1769.18  1749.29  1729.39   1709.5  1689.62  1669.73  1649.85  1629.97  1610.09  1590.22  1570.35  1550.48  1530.62  1510.76  1490.91  1471.05  1451.21  1431.36  1411.52  1391.69  1371.86  1352.04  1332.22   1312.4  1292.59  1272.79     1253  1233.21  1213.42  1193.65  1173.88  1154.12  1134.37  1114.63   1094.9  1075.17  1055.46  1035.76  1016.07  996.393  976.729  957.079  937.443  917.824   898.22  878.635  859.069  839.524      820    800.5  781.025  761.577  742.159  722.772   703.42  684.105  664.831    645.6  626.418  607.289  588.218   569.21  550.273  531.413   512.64  493.964  475.395  456.946  438.634  420.476  402.492  384.708  367.151  349.857  332.866  316.228      300  284.253  269.072  254.558  240.832  228.035  216.333  205.913  196.977  189.737  184.391  181.108  180  180  180  181.108  184.391  189.737  196.977  205.913  216.333  228.035  240.832  254.558  269.072  284.253      300  316.228  332.866  349.857  367.151  384.708  402.492  420.476  438.634  456.946  475.395  493.964   512.64  \n",
